1   65   67  172  173
1  121  129  131  224
1   44   45  120  252  255
1   25  120  121  131  163
1  26  41  49  68
1   96  240  244  262
1   26   41  120  187  194
1  120  121  125  141  205
1  105  295
1   26   41  120  121  224  241  335
1   74  120  121  152  188
1  146  147
1   26   41   84   85  120
1    6   26   41  120  121  224  267
1  246  336
1   22  120  272  301
1  270
1  340
1  281
1  113  114  121  224
1  291
1   26   41  252  260
1   87  103  121  163
1   75  120  121  152  189
1   75  121  182  224
1   26   41  120  233  234
1  277
1   76  120  121  154  204
1  171  326
1  121  187  194  224
1  328
1   61  110  156  283  298  319
1   84  289
1   14   15  120  121
1  214
1   26   41   70  120  177
1  327
1  336
1   39  121  174  258
1   20   22  238
1   26   41  120  195  202
1  331
1   29   35  120  167  168
1  100  120  228  254  260
1   26   41   47  121  224  280  301
1  322
1  120  157  164  224  239
1  127  131  224  239
1  317
1   53   68  120  179  228
1   37   48  120  121
1  120  133  301  310
1    8   26   41  120  121  224  268
1   14   64  160  161  243
1  341
1   26   41   48  120  121  224  281
1   15   98  120  160  161
1   26   41   74  120  181
1  221  328
1  121  186  193  224
1  269
1  121  122  163  169  233  236
1   73  120  121  153  194
1   58   62   76  120  219
1   59   60  121  224
1  259  341
1  107  156  296  319
1  175  176  228  231
1  234  331
1   26   41  111  112  120
1   37   88   91  120  121
1   37   41  107  108  113  120  121  228  261
1    5   64  120  265
1  121  193  200  224
1   73  120  121  154  201
1  315
1   64  120  176  256
1   50   62   70  120  205
1  106  120  121  252  255
1  136  313
1  106  119  120  160  161
1  286
1  294
1    2   30  108  149
1   32   65  172  178
1   37   41   65  125  225  228
1  217
1   50   62   73  120  208
1   65   67  225  226
1  121  189  196  224
1  144  315
1  120  175  301  327
1  120  121  129  158  159  261
1  120  121  141  171  206
1   54   68  120  180  228
1  127  307
1  122  169  212  236
1    2   79   92  120  169
1   37   38   41  120  121
1  120  121  142  171  208
1  337
1  276
1  284
1  240  243
1   70  121  177  224
1   64  120  174  232
1   26   41   87   89  120
1   58   62   72  120  215
1  305
1   33   65  112  172
1  320
1   37   41  120  248  250
1  120  121  224  249  250
1  213
1    4   26   41  120  121  224  266
1   73  120  121  152  187
1   26   41  120  220  238
1   26   41  120  164  165
1  301
1  121  185  192  224
1   53   62  120  130  200
1    5  119  120  158  159
1  329
1   37   41   81  107  108  120  121  158  228
1   25   29  121  124
1  121  166  224  242
1  116  120  121  133  137
1   26   41  120  121  132  156  224  309  319
1   72  121  179  224
1  211
1   24   25  224  239
1    3  121  220
1    9  120  269  301
1   26   41  120  235  236
1  120  134  301  311
1  116  137  155
1  120  162  224  239  242
1   26   41  120  191  198
1  121  212  224  237
1  338
1  319
1   16   19  103  121
1   26   41  120  185  192
1  314
1  219
1  131  308
1   26   41  120  189  196
1  332
1   26   41  120  262  264
1  298
1  253  254
1   13   26   41  108  120  121  224
1   26   41  120  121  148  224  317
1   26   41   86   87  120
1   58   62   73  120  216
1   47  280
1  120  121  158  159  253  255
1   69  286
1   52   68  120  178  228
1  306
1   70  120  121  153  191
1  121  126  257
1   97  120  121  142  171
1   34   65  182  225
1  318
1   35   41  121  149  224  228
1  210
1   27  120  121  160  162
1    9  120  121  227
1   77  155  224
1  271
1  120  121  138  141  207
1  111  299
1   64  285
1  121  126  163  227
1   46   63   90  120  121  160  161  169  222
1   25   26   37   41  120
1   34   65  112  139
1   64  120  121  123
1   55   68  120  181  228
1   52   62  120  130  199
1  102  294
1   65   67  139  140
1  138  314
1   83   87   96  244
1   34   65  172  183
1   17  271
1  145  316
1   26   41  120  193  200
1  321
1   26   41  120  197  204
1   58   62   70  120  213
1   26   41  120  121  167  224  323
1   76  120  121  153  197
1   37   41  120  231  240
1   41   48  228
1   11   80  121
1  18  20
1   40   78  115  116
1   71  120  121  152  185
1   20   21   26   41  120
1    8  121  122  169  235
1   45   46  120  160  161
1   39  277
1   41   81  120  165  228
1   50   62   71  120  206
1   65   67  172  173
1   26   41  107  108  120  163  224
1  121  135  136
1   25   37  121  224
1   58   62   74  120  217
1  267
1   50   62   74  120  209
1   24   37  228  231
1   55   62  120  130  202
1   51   62  120  130  198
1  248  338
1  150
1   12   36  120  246  247
1  162  321
1  120  160  161  263  265
1   74  121  181  224
1   84   85  121  224
1  149  318
1   26   41   98  105  120
1   50   62   76  120  211
1  292
1   28  275
1  333
1   26   41  102  103  120
1  127  129  228  231
1   26   41  120  196  203
1   58   68   85  120  228
1  335
1  311
1   58   62   71  120  214
1  121  169  229  230
1  224  329
1  285
1   26   41   99  100  120
1  325
1  120  238  301  334
1  157  320
1  239  240
1  280
1  114  118  224  239
1  30
1  299
1  272
1   12   36  120  232  246
1  279
1   22   23  121  224
1  243  262
1   56   68  120  182  228
1   32   65  139  179
1   75  120  121  153  196
1   94  121  144
1  151
1   26   41  120  184  191
1   65   67  139  140
1   73  121  180  224
1  283
1   74  120  121  154  202
1   26   41  120  194  201
1   32   65  177  225
1   26   41  120  121  224  241  335
1   26   41  109  110  116  120  224
1  115  116  121  122
1  266
