1    5    6   24  175  202  230  231
1   83  109  458  459
1    4    5    6    8  232  235
1  247  440
1   15   23   37   38  413  465
1  31  32
1    5    6   23   24   26  161  274
1    6  364  481
1   3   5  18  24
1    5    6   23   24   26  164  289
1   57   86  105  132
1    6   24  151  431
1    6  460  465
1   5  18  91  92
1  15  16  23  27  37  38
1    5  163  176  198  428
1    5   37  150  180  250
1    6   24  203  433  453
1  305  309  310
1  300
1    4    5    8  305  324
1  294
1    6  404  412  414  415
1    5    6   29   49   93   95  168  169  170
1    5   47   71  104  105
1  322  323
1    6   24  126  305  410
1    5    6  235  395
1    5   18  164  289
1    5   84   85  164  326
1   15  218  413
1    4    5    8  137  340
1    5   23   24   26  345  476  479
1    5   49   70  114
1    5   89  129  134  135
1   5  17  18  19
1   23   26  166  212
1    6   24  382  384
1  107  372
1    5   29   30   49  168  169
1   24  353  354  439
1  252  371  470
1    5   18   93   95  105  132
1    5    6   45  113  225
1  257
1    5   23   26  400  402
1   6  40  45  84  85  88
1  128
1  252  438  455  456
1   72   73  226
1   6  24  36  38
1  20  21
1  23  26  27  28
1  190
1   23   26  176  193
1    6  253  254
1   37  233  234  355
1    5   49  142  200
1   5  18  44  46
1    5   93   95  119  368
1   5  18  82  83
1    5   37   49   53  409  410
1  265
1    5   37  165  321  474
1  241
1  88  89
1   6  44  50  51
1    5   23   26  329  330
1  289
1    5   23   37  129  130
1   24   44   50  439
1  71
1  92
1    4    5    6    8  109  326
1    5   18  245  249
1    5   29   49   93   95  167  169  380
1    5    6   23   24   38   40  209
1  109  345
1   24  183  209  445
1    5   35   49  437
1    5   49   60  123
1  46
1   5  18  50  52
1   5  18  27  39
1    5    6   45   86  462  463
1  282
1    6  228  229
1   5  20  40  49
1    5    6  325  326
1    5   11  202  203
1    5  136  442  443
1    6   26  195  414  415
1    5    6   76   78  202
1    1    5   18  154
1   37  150  382  383
1    5   18  263  342
1    6   37   53  108  109  344
1   26   61   67  146  159  331  339  390  391  392
1    5    6   23   37   38  108  109  341  352
1  308  327
1    5   18  148  295
1    5    6   23   24   26  281  407
1    5   18  155  266
1   5  20  93  94  95
1    6   42   45  110
1  200  201
1  105  127  132  319
1   84   85  105  132
1    5    6   23   24   26  141  302
1  39
1    5   23   26  184  324
1  258
1    6   24  222  236
1  281
1    5   18  143  298
1    5   76   78  334  335
1    5   93   95  105  132
1   40  105  132  385
1   23   26  165  390
1    5  387  388  389  390
1  303
1  260
1   5  18  89  90
1  45  57  60
1    6   86  201  458
1    5   18  105  131  132  133
1  176  179  395
1    5   23   26  327  342
1   45  280
1  174  175  211  336
1    6   78  240  340  398
1    6   27  472  477
1  13
1    5   27   75  135  396
1    5   93   95  338  339
1    5   24   61  348  374
1  269
1    5   18  241  242
1    5   33   93   95  314
1   23   26  147  195
1    4    8   40   49  319
1   6  24  33  34
1    5    6   23   24   26  292  457
1    9   83  109  210
1    5   18   57  261
1    6   45   60  121
1  287
1   23   26  333  430
1  37  38  44  53
1    5   23   24   26  202  334  335
1  321  337
1   83  109  115  325
1    6  139  160  252  371
1    5   47   71  172  173
1   29  167  173  177  324
1    5   18  267  353
1  284
1  259
1    5   23   24   26   45  150  165
1  207  252  308  455
1   5  23  26  54  55
1    5   93   95  414  415
1   14   19   86  144
1  66  67
1    5    6   37  204  246
1    5   23   26  243  466
1    5   37   49  104  218  219
1    5   23   24   26  200  475  476
1    6   23   24   37   54   61   62  457
1  374  375
1  185
1    5    6   45  150  165
1   11  438
1  89  90  91  92
1    4    5    8   60  126
1    5   23   24   26   87  425  475
1    5   86  135  396  462
1    5   23   37   67  349
1    4    5    6    8  109  325
1    5    6   23   24   26  108  264
1  394  402
1    5   18   88  199
1   4   5   6   8  40  45  89
1    5    6   24  424  442
1   5  23  33  37  85
1    5   18  278  319
1    5   18  296  466
1  15  16  29  30
1   11  455
1   5   6  45  49  69
1   6  27  45  65
1   45  148  463
1    5   23   35   37  238
1    5   23   37   38   60  116  117
1    5    6   23   24   26  135  190
1   57   86  261  293
1    5    6   76  401
1  4  5  6  7  8  9
1  302
1  18
1  122
1   23   24   26   76   78  202
1    6   45  202  316
1    6   24  349  351
1  268  354
1   40   45  139
1  175  286
1  252  304  305
1    6  209  255
1   6  44  71  72
1    5   18  284  412
1    5   18  109  265
1  297
1    5   48  138  399  464
1  301
1  262
1    5  390  391  426  443
1    5   23   24   26   89  479  480
1    5   18  223  288
1    6  390  405  414  415
1    6   24  207  208  209
1  285
1    5    6  124  224
1   83  109  143  441
1   37   53  106  107
1   23   26   60  120
1    5   49  418  419
1   37   53  352  452
1    5    6   23   24   26  140  272
1   37   53  223  418
1    5   37  165  320  391
1    5    6   18  131  133  175  188
1    4    5    6    8  220  336
1   24  247  354  448
1    5    6   62  202  237
1    4    5    8  429  430
1    5   18   94  256
1    5   23   26  177  198
1    5   93   95  378  379
1    4    5    6    8   63  352
1    5   37  362  435  469
1  105  132  223  224
1  252  305
1    5   23   37   38  123  239  423
1    5   93   95  164  326
1    5   23   24   26   45  108  109
1    5   93   95  112  113
1   37   53  341  354
1    2    5    6   23   24   26  162
1  196
1    5   23   24   26   80  444
1  268
1    5  139  156  176  178
1    5   93   95  323  346  347
1   37  219  360  361
1    5    6   23   24   26  121  122
1   37  233  355  442
1  110  182
1   83  109  141  398
1  385  393
1    5   23   26  350  351
1  299
1    6  139  160  470
1    5   18  105  132  269
1  15  16  24  28
1    5   36   55  414  415  427
1    4    5    8   24  252  333
1   23   26  204  405
1    5   93   95  250  251
1  79  81
1  3
1    5   37  159  165  332
1   43  273
1    5   49  360  420
1  438  439
1  256
1  82
1    5   49  156  163
1   5   6  43  44  45
1  275
1    6  271
1  280
1   23   26  194  195
1   6  49  83  84  85  86
1   33   78  243  246  314  340
1  279
1    5   24   93   95  119  120
1   24   43  247  450
1    5   23   26  423  436
1  14  15  16
1  90
1    5    6  176  177  178
1  38  56  57
1   5  23  26  33  34
1   40  210  211
1  100
1    6  338  348
1  205
1   37  232  233  234
1    6   24  304  308
1  151  153  184
1    5   15   16  320  321
1  293
1   23   26  246  405
1   23   37   38  109  346  347
1    6   78  139  155  340
1    5   18  196  197
1    5    8   23   37  408
1  188  411  412
1  288
1  199
1  273
1    6   10   24  209  384
1    4    5    8  366  367
1    6  193  406  414  415
1    5    6    7  367
1    5    6   45  152  204
1  266
1    4    5    6    8   15   16   23   24   26   37   38   60   62   68   85   89   93   95  105  108  109  114  121  129  135  136  137  138  139  140  141  142  143  144  145  146  147  148  149  150  151  152  153  154  155  156  157  158  159  160  161  162  163  164  165  166
1    5   18  282  408
1    5   23   26  368  369
1  296
1    6   49  359
1  264
1    6  226  227
1    5   23   26  245  246
1  277
1   29  380  391  477
1    6   12   45  103
1    5    6   23   24   26  149  294
1   5   6  24  37
1   83  109  161  373
1   26   66   67  159  331  390  392  397  454
1    5   49   83  421  422
1  308  375
1   93   95  340  401
1    5   29   49   93   95  169  170  381
1  23  26  61  62
1    5   18   60  128
1  202  260
1    5    6   40   45   49  135  143  363  467  468
1  350  456
1    5   29  381  471  472
1   40  370  421  422  460
1  276
1    6  175  186  311
1   5   6  18  23  24  26
1  274
1    5    6   23   24   26  258  312
1    5   24  115  117  125
1    5   15   16   49  168  169
1   47   98   99  100
1    6   24  112  433
1    5   93   95  305  324
