1   29  171  389  473
1  278
1  266
1    5   23   35   37  238
1  31  32
1    5   18  148  295
1  305  306  307
1   5  16  22  23  24  25  26
1    5    6   23   24   26  135  190
1   11  438
1    5    6   23   24   26  108  264
1  23  26  38
1   37  232  233  234
1    5  174  175  188
1   24   43  247  450
1   6  24  33  34
1    5   18  115  287
1    5   18  248  299
1   23   26  333  430
1    5   37   49   53  409  410
1  188  411  412
1    5    6  387  419  471
1    5  108  109  158  230
1  419  424  425  426
1   43  273
1    6   10   24  209  384
1   37  219  233  355
1  2
1  23  26  27  28
1    5   23   37   38   45   60  121
1  159  331
1  321  337
1   5  18  27  39
1  295
1    5   29   49   93   95  167  169  380
1    5    6   15   16   31  127
1    5   93   95  112  113
1    5  176  178  324  431
1  37  43  53  63
1    5   93   95  478  480
1  15  16  23  27  37  38
1    5   93   95  414  415
1  90
1    6   78  240  340  398
1  92
1  71
1  302
1    5   15   49   89   98  111
1    5   23   26  184  324
1    5   18  143  298
1    5    6   23   37   38  108  109  341  352
1    5   49  187  481
1  259
1  260
1   23   26  157  244
1    5    6   45  113  225
1    6   42   45  110
1   23   26  166  212
1    1    5   18  154
1    5   29  381  471  472
1  207  252  308  455
1   5  23  24  26  58  60  81
1  39
1   23   26  246  405
1    5   23   24   26   89  479  480
1    4    5    8  366  367
1    6   49  359
1    5   48   68  138  399
1    6  139  160  470
1    5    6   37  236  237
1  308  375
1    5    6   40   45   49  135  143  363  467  468
1    5   47   71  104  105
1  298
1  257
1  261
1    5   18  121  122
1   5   6  22  49
1  79  81
1    5    6   49  175  186  187
1   5  18  91  92
1  301
1    5   23   38  221  315
1    6   24  148  369
1    5   36   55  414  415  427
1    6   24  207  208  209
1  283
1  12  13
1   29  380  391  477
1    5    6   29   49   93   95  167  168  169
1  57  58  59
1    5   18  267  353
1    4    5    6    8   63  352
1    9   83  109  210
1  287
1  13
1  256
1   5  23  24  26  87  88
1  280
1   23   26  147  195
1    6   24  139  446
1   40  210  211
1    4    8   40   49  319
1    5    6  254  328
1   24  245  247  248
1   23   26  194  195
1    5   15   16  320  321
1    5   47   71  416  417
1   6  27  45  65
1    5   37  165  329  331
1    5   23   26  327  342
1   5  22  23  24  26  79  80
1    4    5    6    8  233  235
1    5   23   26  179  180
1   37  150  382  383
1    6  364  481
1    5   93   95  164  326
1  286
1    5   18   40  290
1    5    6   45  150  165
1    5   23   37  129  130
1    5   93   95  214  215
1    5   18  284  412
1    5    8   23   37  408
1  290
1   6  24  36  38
1  109  345
1  252  371  470
1   5  47  48  49
1    6  175  186  311
1   45  148  463
1  110  370
1    5   18  105  131  132  133
1   5  23  26  54  55
1   34  433  453
1  255  430
1    5    6   62  202  237
1  277
1    2    5    6   23   24   26  162
1    5    6   23   24   26  161  274
1    5   84   85  164  326
1  185
1    5   24   60  124  125
1   40  370  421  422  460
1    5   18  191  192
1   5   6  24  37
1  275
1   23   26  434  435
1    6   45  364  365
1  281
1    5   49  482  483
1   24  353  354  439
1  202  260
1   24  439  451  452
1    6   37   53  108  109  344
1    5   18  262  330
1   57  114  116
1    5    6   23   24   26  121  122
1   69  300
1   5  17  18  19
1   5  18  89  90
1    6   51  353  354
1  247  440
1  122
1    5   18   86  293
1  52
1    5   23   24   26   45  108  109
1    5   49  142  200
1   57   86  105  132
1    5   93   95  323  346  347
1  267
1  191
1  252  438  455  456
1    5  390  391  426  443
1    5    8   23   37   38   45  403
1    6   78  139  155  340
1  303
1  46
1    5    6   23   24   26  141  302
1    5    6   37  204  246
1    4    5    8  137  340
1  327  332
1    6   57  319
1    6   45  101  102
1    5   22  359
1    5   23   26  245  246
1   5   6  15  35  36
1    5    6   23   24   26  149  294
1   15   23   37   38  413  465
1   15   25   29  169
1    5  139  156  176  178
1   37   53  248  419
1    5   93   95  119  368
1  270
1   5   6  43  44  45
1    5   23   24   26   80  444
1  374  375
1    4    5    8  305  324
1   24  208  229
1    6  404  412  414  415
1    5   37  362  435  469
1    5   49  360  420
1  10  11
1  305  309  310
1   29  167  173  177  324
1  276
1    5   18  196  197
1  105  127  132  319
1    5   33   93   95  314
1    4    5    6    8   15   16   23   24   26   37   38   60   62   68   85   89   93   95  105  108  109  114  121  129  135  136  137  138  139  140  141  142  143  144  145  146  147  148  149  150  151  152  153  154  155  156  157  158  159  160  161  162  163  164  165  166
1  249
1   14   19   86  144
1    6  460  465
1   29  381  473  474
1   37   53  223  418
1  283  404
1  289
1    5   23   37  403  409
1   23   24   26   76   78  202
1    5    6   24  175  202  230  231
1  0
1   6  49  83  84  85  86
1    6  231  394
1    5    6   76   78  202
1    6   24  222  236
1    6   23   24   37   47  158
1    6   24  349  351
1  3
1  23  26  61  62
1    5   15   49   83  144  317  318
1   40  252  253
1   83  109  143  441
1    6   24  151  431
1  108  109  308  337
1  128
1   49  185
1  18
1    5   24   61  348  374
1    5   15   23   26  238
1   15  218  413
1   23   26  243  244
1    5  387  388  389  390
1    5   18  164  289
1   23   26  150  193
1    5    6   45  152  204
1  300
1  59  76  77  78
1  105  132  223  224
1  89  90  91  92
1    5   29   30   49  168  169
1  272
1    5   45   63   93   95  341
1    5   37  165  321  474
1   15   16  139  189
1  285
1    5   18  296  466
1   57   86  261  293
1    5   23   37   38   60  116  117
1    5    6   29   49   93   95  168  169  171
1   37   41  217  315
1    5   18  245  249
1    6   24  242  447
1  37  38  44  53
1   24  110  183
1    5   18  205  206
1  241
1    5    6    7  367
1  268  354
1   5  27  73  74  75
1    5    6   22   23   24   26  108  109  125
1  4  5  6  7  8  9
1   5  23  33  37  85
1   37   53  352  452
1  293
1  269
1   5  20  40  49
1    4    5    6    8  232  235
1    6   45   60  121
1    5   23   37   38  123  239  423
1    6   26  195  414  415
1    5   49  418  419
1    5    6  124  224
1    5   18  301  484
1    5    6   15   16  211  319
1    5    6  235  395
1    5   27   75  135  396
1    5   73   74   86  462
1    5    6   74   93   95  427
1    5   23   26  329  330
1  268
1   24  183  209  445
1   24   44  197  247
1   37   53  106  107
1   89  356  357  358
1  175  286
1    6  253  254
1    4    5    8   60  126
1    6   24  112  433
1  190
1    5   93   95  305  324
1  258
1    5   18  275  393
1    5   18  155  266
1    5    6   49  182  432
1    5   93   95  239  240
1    6   69  114  115
1    6   12   45  103
1   45  280
1    5   37   49  104  218  219
1    5    6   23   24   26  140  272
1    5    6   37   62  202  225
1    6  209  255
1   23   26  390  419
1    5    6   18  131  133  175  188
1    5   15   16   33   40   49  314
1   5  18  44  46
1   6  68  69  70
1    5   93   95  376  377
1    5   23   24   26  109  216  217
1    5   18  139  291
1    5    6   23   24   26  145  276
1    5   35   49  437
1  45  57  60
1  151  153  184
1   5  40  41  42
1  285  411
1    5    6   23   24   38   40  209
1    6   24  203  433  453
1    5   37  165  320  391
1    5    6   45   86  462  463
1    5   49   60  123
1   6  40  45  84  85  88
1  199
1    4    5    6    8  109  326
1    5   49  109  343
1  394  402
1    6   24  382  384
1    5   93   95  317  318
1   6  89  96  97
1    6  228  229
1   6  44  71  72
1   84   85  105  132
1   15   23   37   38  111  181
1    5   23   26  243  466
1    5   18  241  242
1    5   23   26  400  402
1    5    6   76  401
1   4   5   6   8  40  45  89
1    6  226  227
1    4    5    8  366  367
1  196
1    5   23   26  177  198
1   6  63  77
1    5   18  142  277
