1   73  120  121  154  201
1   26   41  102  103  120
1  333
1   16   19  103  121
1  120  160  161  263  265
1  121  192  199  224
1    1    7  121  224
1   72  120  121  152  186
1   26   41  120  194  201
1  323
1  121  195  202  224
1  267
1   61  132  283  309
1  121  166  224  242
1  328
1   74  120  121  152  188
1   71  120  121  153  192
1  120  121  125  143  210
1    5  119  120  158  159
1  105  295
1  319
1  120  134  301  311
1  43
1  320
1   26   41  120  185  192
1  217
1  150
1  135  312
1  282
1   25  274
1   37   41  107  108  113  120  121  228  261
1   58   62   72  120  215
1   26   41  104  117
1  156  319
1   26   41  104  113
1  277
1   65   67  225  226
1  120  121  141  171  206
1   32   65  112  225
1   28  275
1  113  114  121  224
1  248  338
1  279
1   59   97  112  120  121
1  42
1  121  194  201  224
1  322
1   37   41   65  171  172  228
1  87  98
1   64  144  160  161  238
1  286
1  288
1   93  120  158  159  245
1  121  152  153  224
1   64  285
1  26  37  41
1    3  121  220
1  294
1   75  120  121  153  196
1   25   37  121  224
1   26   41   84   85  120
1   40   78  115  116
1   98  154
1  18  20
1   83   87   96  244
1  243  262
1   26   41  120  150  152
1  121  188  195  224
1  334
1  218
1   58   62   71  120  214
1   10   12   24  224
1  237  333
1  266
1  145  316
1  120  133  301  310
1   76  120  121  152  190
1  298
1  309
1   56   62  120  130  203
1  136  313
1  121  190  197  224
1  321
1  121  193  200  224
1  216
1  120  157  164  224  239
1   56   68  120  182  228
1   58   68   85  120  228
1    9  120  121  227
1   58   62   76  120  219
1   26   41  120  186  193
1   50   60   68  120  228
1  113  118  228  231
1   58   62   74  120  217
1   50   62   73  120  208
1  299
1  316
1  291
1   33   65  112  172
1   26   41   48  120  121  224  281
1   65   67  225  226
1   26   41   87   93  120
1   26   41   47  121  224  280  301
1   26   41   73  120  180
1  327
1  219
1  115  116  121  122
1  120  121  224  250  251
1   58   62   73  120  216
1   26   41  120  196  203
1  307
1  27
1  107  156  296  319
1  121  184  191  224
1  274
1   37  120  121  129  163
1   35   41  121  149  224  228
1  121  302
1  122  169  212  236
1  149  318
1   31  156  276  319
1   84   85  121  224
1   72  120  121  153  193
1  211
1   53   62  120  130  200
1   50   62   71  120  206
1  313
1  120  301
1   39  277
1  324
1   41   88   91  120  228
1  121  189  196  224
1    6   29   35   82  120
1  326
1   70  120  121  152  184
1   17  271
1   71  121  178  224
1  338
1   50   62   75  120  210
1   37   41   81  107  108  120  121  158  228
1    0    1  120
1  206
1   87  147
1  331
1   21   23  121  220  224
1  120  247  301  337
1  213
1   72  121  179  224
1   97  120  121  125  141
1  77  96
1   26   41  120  220  238
1   26   41   75  120  182
1   52   62  120  130  199
1   37   48  120  121
1   26   41  252  260
1  287
1  168  324
1  151
1   26   41  120  188  195
1  121  164  165  224
1   91  121  224  241
1  318
1  120  121  158  159  253  255
1  121  191  198  224
1   37   88   91  120  121
1    2   30  108  149
1    4   26   41  120  121  224  266
1   65   67  172  173
1  120  134  158  159  238
1   37   38   41  120  121
1   72  120  121  154  200
1   37   41  120  248  250
1  235  332
1  215
1  310
1   26   41   71  120  178
1   41  120  158  166  228
1  278
1   64   66  120  121  169  230
1  146  147
1   53   68  120  179  228
1   57   62  120  130  204
1   26   41  252  256
1   76  120  121  154  204
1   70  121  177  224
1   44   45  120  252  255
1   20   22  238
1  306
1   28   29   35  120  148
1   29   35  120  167  168
1   26   41  120  262  264
1   79   80  121  224
1  131  308
1   26   41  120  121  167  224  323
1    2   79   92  120  169
1  152
1   44  123  279  304
1  232  330
1   71  120  121  152  185
1  121  122  169
1   63  284
1   59  156  282  319
1   41   81  120  165  228
1  121  126  257
1  304
1   34   65  182  225
1  120  121  224  249  250
1  253  254
1   26   41  120  195  202
1  301
1   77  155  224
1  330
1   26   41   74  120  181
1   26   41  107  108  120  163  224
1  268
1   26   41  120  166  242
1   26   41  120  190  197
1   58   62   70  120  213
1   14   15  120  121
1   25   29  121  124
1  106  120  121  252  255
1   26   41  120  121  224  241  335
1  207
1  339
1   50   62   72  120  207
1   50   62   70  120  205
1  284
1  102  294
1   22   23  121  224
1   16   17  120  121  158  159
1  269
1  26  41  49  62
1   27  120  121  160  162
1   15   98  120  160  161
1   73  120  121  153  194
1  315
1   26   41  120  192  199
1   11   80  121
1  205
1   30  108  221  223
1  312
1   41   48  228
1  157  320
1    6   26   41  120  121  224  267
1  10  11
1  124  305
1   20   21   26   41  120
1    8  121  122  169  235
1   26   41  120  184  191
1  276
1   26   41  109  110  116  120  224
1   61  123  283  304
1   71  120  121  154  199
1  308
1   51   62  120  130  198
1   54   68  120  180  228
1   12   36  120  232  246
1   86   87  121  224
1  210
1  272
1  271
1  138  314
1  340
1   61  110  156  283  298  319
1  120  144  158  159  170
1   95  100  253  254
1   75  121  182  224
1  169  325
1    9  120  269  301
