1   23   26   60  120
1  252  304  305
1  23  26  27  28
1  394  402
1    6  139  160  470
1   11   49   93   95  254
1    6   24  151  431
1   37   53  352  452
1   5   6  22  49
1    5   18  267  353
1    6   24  148  369
1  268  354
1    5   23   37   38  123  239  423
1   37  233  234  355
1   5  23  33  37  85
1  283  404
1  281
1    5   18   40  290
1  88  89
1   23   26  150  193
1   23   26  204  405
1   29  171  389  473
1   37   53  248  419
1  110  182
1  298
1    5   18  284  412
1  294
1   11  455
1  374  375
1   45  148  463
1  176  179  395
1    5  176  383  388  397
1  64
1    5    6   23   37   38  108  109  341  352
1    6   24  203  433  453
1    5   18  248  299
1  92
1   83  109  143  441
1  57  58  59
1    6  404  412  414  415
1   40  252  253
1  205
1    5   18  105  131  132  133
1    5   18  278  319
1  256
1    4    5    6    8  233  235
1    5   23   37  129  130
1    4    5    8   24  252  333
1   5  18  82  83
1   37  219  360  361
1   29  167  173  177  324
1   29  381  473  474
1   23   26  166  212
1    5   76   78  334  335
1  202  260
1    5    6   29   49   93   95  167  168  169
1   6  44  50  51
1    5   93   95  338  339
1  438  439
1    6   24  126  305  410
1    5   18   60  128
1    9   83  109  210
1    5   23   26  350  351
1    5   18  191  192
1    5   23   26  423  436
1  285  411
1    6  271
1   6  40  45  84  85  88
1   23   26  147  195
1    5   15   49   83  144  317  318
1    5    6   23   24   26  258  312
1    6   49  359
1    5   18   57  261
1   23   26  243  244
1    5   18  205  206
1   24  245  247  248
1    6   24  242  447
1  71
1    5   23   38   53  438
1  267
1   49  185
1    5   23   26  368  369
1   6  63  77
1  271
1  252  438  455  456
1    5    6   23   24   26  292  457
1  175  286
1   15   23   37   38  413  465
1    5   40  106  108  109  110
1  20  21
1    5   27   75  135  396
1    4    5    6    8  220  336
1    6   24  222  236
1   93   95  340  401
1  279
1    5   49  418  419
1    5   23   26  179  180
1  109  345
1   40  370  421  422  460
1   23   26  246  405
1  14  15  16
1   24   43  439  449
1    5   47   71  172  173
1  59  76  77  78
1    5    6   22   23   24   26  108  109  125
1  185
1    5  136  442  443
1  301
1  291
1    6   12   45  103
1  297
1   72   73  226
1    6   23   24   37   47  158
1    6  253  254
1   24   43  247  450
1  300
1  241
1    6   45  108  109
1   24   44   50  439
1  295
1    5   24  115  117  125
1  12  13
1  52
1  284
1  264
1  196
1    5    6   15   16   31  127
1    6   78  139  155  340
1    5   18  245  249
1  276
1    5   18  263  342
1    5   23   24   26  202  334  335
1   57  114  116
1   83  109  161  373
1  257
1    5   23   24   26   80  444
1    5   93   95  164  326
1    5   22  359
1    5   93   95  214  215
1  89  90  91  92
1  282
1    5    6   49  182  432
1    5   48  138  399  464
1  299
1   5  18  89  90
1    5   18   88  199
1  283
1  302
1    5   49  360  420
1    5   23   26  327  342
1    5   23   26   66  454
1    5    6  176  177  178
1    5    6   23   24   38   40  209
1    5  176  178  324  431
1    5   37   49  104  218  219
1    5   15   49   89   98  111
1  270
1  174  175  211  336
1  227
1   37   53  223  418
1    5  174  175  188
1  108  109  308  337
1    5   24   60  124  125
1   23   26  434  435
1  287
1    5  163  176  198  428
1    5   23   37   67  349
1   23   26  390  419
1    5    6   76   78  202
1  105  132  223  224
1   84   85  105  132
1    5   37  165  329  331
1    5    6   23   24   26  141  302
1    5    6   45  113  225
1  296
1    5    6   40  119  215
1    5    6   24  175  202  230  231
1   15   25   29  169
1   57   86  261  293
1    5   37  150  180  250
1  3
1    5    6   40   45   49  135  143  363  467  468
1   47   98   99  100
1   40   45  139
1   83  109  141  398
1    6   41  217  221
1  0
1    5   93   95  317  318
1    5   36   55  414  415  427
1    5   37  150  177  178
1    5   18  275  393
1  64  65
1    6  228  229
1    5    6   45   83   93   95  109
1  327  332
1  252  371  470
1    4    5    6    8  109  325
1   5   6  45  49  69
1    5   37  165  321  474
1    5   23   26  184  324
1   83  109  115  325
1    5   18   94  256
1    6  209  255
1    5    6   23   24   26  164  289
1  289
1  1
1    4    5    8  137  340
1   37  219  233  355
1    5   93   95  305  324
1    4    5    6    8   15   16   23   24   26   37   38   60   62   68   85   89   93   95  105  108  109  114  121  129  135  136  137  138  139  140  141  142  143  144  145  146  147  148  149  150  151  152  153  154  155  156  157  158  159  160  161  162  163  164  165  166
1  191
1   24  110  183
1    2    5    6   23   24   26  162
1   26   61   67  146  159  331  339  390  391  392
1    5   23   38  221  315
1    6   86  201  458
1    5    6   49  371  372
1  288
1    6   24  112  433
1   5  23  26  54  55
1    5    6   29   49   93   95  168  169  171
1    5   40   49  251  252
1  275
1    5    6   74   93   95  427
1  66  67
1    5   18  121  122
1    5    6  322  365
1   24  353  354  439
1  385  393
1   15   16   75  368
1    5    6  254  328
1   37   53  341  354
1  200  201
1    5    6   40   45  106  110
1   24  183  209  445
1  259
1  4  5  6  7  8  9
1   37   41  217  315
1   14   19   86  144
1    6   23   24   37   54   61   62  457
1   23   26  152  406
1  159  331
1    6  231  394
1  15  16  24  28
1    6   24  139  446
1    5    6   23   24   26  161  274
1   83  109  145  386
1   37  232  233  234
1    5    6   45  150  165
1  17
1  79  81
1   57   86  105  132
1  100
1  38  56  57
1    5   11  202  203
1    6   45  364  365
1   11  438
1    5   18  160  297
1    5  162  311  312
1   5   8  23  26  95
1  274
1    5   84   85  164  326
1    5   18  284  412
1    5   78   93   95  216
1   3   5  18  24
1    5   37  165  320  391
1  419  424  425  426
1    4    5    8   60  126
1    5    8   23   37  408
1    5    6   23   24   26  121  122
1    6   57  319
1   15  218  413
1   5  18  44  46
1   23   26  165  390
1  268
1   5  20  93  94  95
1  273
1   83  109  154  432
1  107  372
1    5   23   37   38   60  116  117
1    5    6  131  133  174
1   23   26  157  244
1   37  233  355  442
1    5    6   23   24   26  149  294
1  37  38  44  53
1  305  306  307
1  18
1   5  23  24  26  58  60  81
1    5   18  139  291
1    5   86  135  396  462
1  122
1    5    6   23   24   26  158  279
1    4    5    6    8   63  352
1   37  150  382  383
1    5   18  142  277
1    6   51  353  354
1    5   23   24   26  109  216  217
1  308  327
1    5   18  196  197
1    5   23   24   26  155  334  344
1   37   53  106  107
1    5    6  235  395
1    5   93   95  327  328
1    5   24   93   95  119  120
1   60   83  109  127
1  110  370
1   24   44  197  247
1    6  175  186  311
1    5   37  159  165  332
1    6   10   24  209  384
1    5    6   23   24   26  135  190
1  258
1    5   93   95  323  346  347
1    6   24  382  384
1    5   23   26  329  330
1    5    6   23   24   26  108  264
1    5   49  187  481
1    5   23   24   26   45  108  109
1    5   24   61  348  374
1   5  27  73  74  75
1  285
1  32  49  83  93  95
1   29  380  391  477
1   69  300
1    1    5   18  154
1  2
1    6   69  114  115
1   5  16  22  23  24  25  26
1    5    6   24  424  442
1    6   27  472  477
1    5   18  115  287
1    5   23   37   38   45   60  121
1  21
1    5   37  135  150  176  436  437
1  266
1    6   15  144  214  459
1  118
1    6   42   45  110
1  286
1    4    5    8  366  367
1    5   47   71  416  417
1    5   23   26  245  246
1    4    5    8  327  328
1  292
1    5   49  482  483
1    5   93   95  112  113
1    5   93   95  119  368
1    5  108  109  158  230
1    5   18  223  288
1  269
1    4    5    6    8  109  326
1    5    6   76  401
1    6   45   60  121
1   45  280
