1  42
1  274
1   71  120  121  153  192
1  169  325
1  243  262
1  121  224  256  259
1   26   41  250  251
1   26   41  120  187  194
1   34   65  182  225
1   50   62   70  120  205
1   74  120  121  152  188
1   17  271
1   57   68  120  183  228
1  30
1  275
1  277
1   50   62   72  120  207
1    9  120  269  301
1   26   41   47  121  224  280  301
1   97  120  121  142  171
1   22  120  272  301
1  286
1   26   41  120  158  160
1  304
1  121  194  201  224
1   59   60  121  224
1   37   41   65  125  225  228
1  308
1  289
1   26   41  115  120  121  224  300
1   84  289
1  341
1   83   87   96  262
1   26   41   76  120  183
1  120  121  141  171  206
1   65   67  225  226
1   25   37  121  224
1   26   41   91  120  241
1  127  307
1   12   36  120  246  247
1   26   41  120  235  236
1  333
1   57   62  120  130  204
1  290
1  283
1  120  158  159
1   31  156  276  319
1   26   41  252  256
1   59   97  112  120  121
1   16  120  270  301
1   26   41  120  121  224  241  335
1  116  120  121  133  137
1   24   25  224  239
1   26   41  120  121  132  156  224  309  319
1  125  306
1  127  129  228  231
1  175  176  228  231
1   65   67  139  140
1   72  121  179  224
1   76  120  121  153  197
1  120  134  301  311
1  311
1  120  121  142  171  208
1   20   22  238
1   14   15  120  121
1   26   41   99  100  120
1   53   62  120  130  200
1   61  132  283  309
1   58   62   71  120  214
1   39  121  174  258
1   78  287
1    5  119  120  158  159
1   76  120  121  152  190
1   64  120  176  256
1   26   41  120  189  196
1  120  175  301  327
1   15   98  120  160  161
1   58   62   73  120  216
1  309
1  337
1  27
1  221  328
1  121  152  153  224
1   75  120  121  153  196
1  131  308
1  121  189  196  224
1   52   62  120  130  199
1  121  186  193  224
1   64  120  121  123
1   26   41   86   87  120
1   64  285
1   29   35   42   43  120
1   26   41  104  113
1   74  120  121  153  195
1  95  98
1  280
1   26   41   48  120  121  224  281
1   37   41  107  108  113  120  121  228  261
1  329
1    3  121  220
1   73  121  180  224
1  291
1  106  119  120  160  161
1   70  121  177  224
1   74  120  121  154  202
1  153
1  146  147
1   97  120  121  138  143
1   82  288
1   58   62   72  120  215
1  218
1  292
1   26   41  120  196  203
1  297
1   65   67  225  226
1   32   65  172  178
1   26   41  120  121  167  224  323
1   50   62   71  120  206
1  26  37  41
1  310
1  336
1  135  312
1   95  100  253  254
1   26   41  102  103  120
1   73  120  121  152  187
1   22   23  121  224
1  307
1  105  295
1   26   41   87   89  120
1  278
1  315
1   96  240  244  262
1  326
1    6   26   41  120  121  224  267
1   70  120  121  152  184
1  270
1   87  103  121  163
1   69  286
1   56   68  120  182  228
1   61  110  156  283  298  319
1  107  156  296  319
1  116  137  155
1  120  144  158  159  170
1   26   41  120  194  201
1   99  101  120  160  161
1  121  122  169
1  299
1  121  196  203  224
1  120  121  129  158  159  261
1   90  290
1   94  292
1   58   62   75  120  218
1   76  120  121  154  204
1   41   48  228
1    0    1  120
1   33   65  139  181
1  318
1  335
1   71  120  121  154  199
1  121  130  154  224
1  224  329
1  219
1  122  303
1  77  96
1  144  315
1   71  121  178  224
1   51   62  120  130  198
1   21   23  121  220  224
1  121  129  131  224
1  120  157  164  224  239
1   33   65  172  180
1  120  121  138  142  209
1  120  121  138  141  207
1   26   41   98  105  120
1  322
1  145  316
1  121  150  151  224
1   50   62   74  120  209
1   26   41  120  166  242
1   59  156  282  319
1  120  121  224  250  251
1  120  301
1  149  318
1  331
1  211
1  121  212  224  237
1  136  313
1   93  291
1  162  321
1  248  338
1  120  121  143  171  211
1  113  118  228  231
1   72  120  121  153  193
1   65   67  172  173
1  303
1  269
1   26   41  109  110  116  120  224
1   26   41  104  117
1   73  120  121  154  201
1   26   41  120  212  237
1   58   62   70  120  213
1   52   68  120  178  228
1  120  247  301  337
1  285
1   26   41   71  120  178
1   35   41  121  149  224  228
1    5   64  120  265
1  18  20
1  305
1   26   41   75  120  182
1  328
1  120  121  158  159  253  255
1   26   41  120  233  234
1  273
1   54   68  120  180  228
1  208
1  293
1  258  340
1   25   26   37   41  120
1  120  134  158  159  238
1   50   62   75  120  210
1   37  120  121  129  163
1   95  120  228  253  260
1  214
1   14   64  160  161  243
1   37   88   91  120  121
1   30   64  128  160  161
1   61  123  283  304
1   18   19   26   41  120
1  121  191  198  224
1  121  195  202  224
1   26   41   84   85  120
1   53   68  120  179  228
1  120  133  301  310
1  171  326
1  157  320
1   37   41  120  231  240
1   24  273
1   50   60   68  120  228
1  43
1  121  192  199  224
1   37   41   81  107  108  120  121  158  228
1   90  120  222  229
1   11   80  121
1    4   26   41  120  121  224  266
1   25   29  121  124
1   44   45  120  252  255
1   26   41   73  120  180
1  316
1  234  331
1   26   41  120  164  165
1  120  160  161  263  265
1  120  121  125  141  205
1  87  98
1   71  120  121  152  185
1  113  114  121  224
1   26   41  120  188  195
1  339
1   26   41   69  108  109  120  224
1   26   41   72  120  179
1  120  238  301  334
1  340
1   26   41   70  120  177
1    0   96  120  158  159  224
1   26   41  120  195  202
1  121  166  224  242
1  313
1  127  131  224  239
1   34   65  112  139
