1   84  289
1  105  295
1   24   25  224  239
1  171  326
1    0   96  120  158  159  224
1   95  100  253  254
1   58   62   73  120  216
1   58   62   71  120  214
1   26   41  120  189  196
1   37   41  120  231  240
1  95  98
1   0   7  26  41
1  120  133  301  310
1   41   88   91  120  228
1   65   67  225  226
1  336
1   26   41  111  112  120
1  217
1   64  285
1   64  120  176  256
1   55   62  120  130  202
1  312
1  121  169  229  230
1  120  163  301  322
1  317
1   65   67  225  226
1   94  292
1   26   41  120  121  224  241  335
1  326
1  121  197  204  224
1  18  20
1   16   17  120  121  158  159
1  331
1  322
1   63  284
1  208
1   58   68   85  120  228
1   82  288
1  107  156  296  319
1  323
1   30  108  221  223
1  121  166  224  242
1   71  120  121  154  199
1  272
1  232  330
1   70  121  177  224
1   70  120  121  152  184
1   90  290
1   27  120  121  160  162
1  286
1  121  164  165  224
1  276
1  335
1   17  271
1  240  243
1  216
1    6   29   35   82  120
1  120  121  138  141  207
1  121  190  197  224
1  121  224  235  236
1   99  293
1   73  120  121  154  201
1   75  120  121  152  189
1   26   41  120  262  264
1   83   87   96  244
1   37   41   81  107  108  120  121  158  228
1   22   23  121  224
1   39  277
1   41   81  120  165  228
1   44   45  120  252  255
1    6   26   41  120  121  224  267
1   26   41  120  121  224  241  335
1    3  121  220
1  234  331
1   75  120  121  153  196
1   70  120  121  154  198
1   37  120  121  129  163
1  156  319
1  121  224  256  259
1  283
1    2   79   92  120  169
1  209
1  121  130  154  224
1   64   66  120  121  169  230
1   97  120  121  125  141
1  121  185  192  224
1   12   36  120  246  247
1   12   36  120  232  246
1   33   65  112  172
1   52   62  120  130  199
1   20   22  238
1  224  329
1   26   41   48  120  121  224  281
1  92
1  124  305
1   32   65  112  225
1  307
1  297
1   26   41   71  120  178
1   26   41  120  150  152
1   64  144  160  161  238
1   74  120  121  152  188
1   51   62  120  130  198
1  305
1   58   62   76  120  219
1   33   65  139  181
1  288
1  120  121  125  141  205
1  221  328
1  121  126  257
1   87  103  121  163
1  121  150  151  224
1  121  188  195  224
1  277
1  122  169  212  236
1  121  212  224  237
1  268
1  269
1  243  262
1   59   60  121  224
1    4  117  228
1    8  121  122  169  235
1   34   65  172  183
1   15   98  120  160  161
1   26   41  109  110  116  120  224
1  120  121  143  171  211
1  282
1  42
1   26   41   74  120  181
1  127  307
1   26   41  120  188  195
1  106  120  121  252  255
1   26   41  120  233  234
1  121  192  199  224
1   26   41  120  121  148  224  317
1  149  318
1  10  11
1  290
1   26   41   75  120  182
1   26   41  104  117
1   37   88   91  120  121
1   72  120  121  153  193
1   73  120  121  153  194
1  106  119  120  160  161
1  120  121  141  171  206
1   28  275
1   94  121  144
1   24  273
1   37   41   65  171  172  228
1   26   41   86   87  120
1  303
1   76  121  183  224
1  151
1  115  116  120  160  161
1   26   41   87   89  120
1   84   85  121  224
1  295
1  150
1   26   41  120  166  242
1   26   41  120  121  167  224  323
1  77  89  96
1   26   41  120  195  202
1   21   23  121  220  224
1   76  120  121  153  197
1   77  155  224
1  304
1  121  194  201  224
1  26  41  49  62
1  298
1  120  121  158  159  253  255
1  339
1  292
1   26   41  120  158  160
1   61  123  283  304
1  311
1  340
1   40   78  115  116
1   71  121  178  224
1   30   64  128  160  161
1   26   41  120  194  201
1   58   62   70  120  213
1  120  121  129  158  159  261
1   35   41  121  149  224  228
1   37   41   65  138  139  228
1    8   26   41  120  121  224  268
1   53   62  120  130  200
1  116  120  121  133  137
1   58   62   74  120  217
1   26   41  250  251
1   41  120  158  166  228
1  120  121  138  142  209
1   26   41  120  190  197
1   69  286
1   65   67  139  140
1   26   41   73  120  180
1  341
1   97  120  121  138  143
1  122  303
1   71  120  121  152  185
1  273
1  121  122  163  169  233  236
1    5  119  120  158  159
1  120  121  224  250  251
1  213
1   91  121  224  241
1   26   41  120  187  194
1   37   38   41  120  121
1  210
1  285
1   78  287
1   26   41  120  220  238
1   26   41  120  164  165
1   59  156  282  319
1  100  120  228  254  260
1  43
1   37   41   65  125  225  228
1   26   41   84   85  120
1   26   41   69  108  109  120  224
1  308
1   50   62   70  120  205
1   90  120  222  229
1   33   65  172  180
1  153
1   95  120  228  253  260
1   22  120  272  301
1  318
1  77  96
1   52   68  120  178  228
1   26   41  120  193  200
1  321
1   50   60   68  120  228
1  319
1  291
1  334
1   99  101  120  160  161
1   76  120  121  152  190
1  284
1   58   62   75  120  218
1  270
1   16   19  103  121
1   14   15  120  121
1  337
1  87  98
1   55   68  120  181  228
1  121  126  163  227
1  329
1   26   41   70  120  177
1   26   41   87   93  120
1  120  121  224  249  250
1    5   64  120  265
1   18   19   26   41  120
1   39  121  174  258
1   65   67  172  173
1   26   41  120  185  192
1   93  120  158  159  245
1  248  338
1  302
1  136  313
1   40  278
1  121  186  193  224
1  325
1  237  333
1   26   41   76  120  183
1  144  315
1   13   31  297
1  299
1  121  191  198  224
1   37   41  107  108  113  120  121  228  261
1  152
