1    6    8   10   19   58   63  338  340  391
1   19  226  334  573
1   63  124  586
1   63   74   95  163
1  191
1    6    8   10   19   34   63   72  433  434
1    6   12   14   19   34  213  421
1   34   35  281  490
1    6   17   34  344
1  17
1    6   24   26   63  470  471
1   24   26   49  225  318
1    6    8   10   19   63  194  195
1   22  369
1    6  105  106  159  482
1    6  334  552  575
1    6    8   10   19   63  190  191
1    6   17  354  475
1  113  179  184  185
1   6  19  39  63
1    8   10   95  160
1    6   37   38   49   63  236  237  238  239
1    8   38   39   64  497  549
1    6   39  201  205  206
1   63  501  502
1  187
1    6  199  200  203  204
1    6   24   26  167  400
1    6   63  383  396
1    6   74  105  106  266  268
1  353
1    6   24   26  240  583
1    6   37   38  180  181
1    6  105  106  208  460
1    6   38   49  236  237  495  496
1  111  342
1  18  19  20
1  213  288  296  453
1  364
1  136  137  345  428
1   6  12  14  19  92  95  96
1    6  200  203  209  210
1    6   17  232  241  380  381  465
1    6   12   14   19   34  420  421
1    6    8   10   12   19   24   26   27   29   30   34   37   38   39   63   64   72   81   89   95   99  101  104  105  106  117  133  154  161  162  163  171  205  212  213  214  232  238  241  253  267  273  379  404  422  423  424  425  426  428  431  460  461  462  463  470  484  490  504  514  527  528  529  530  531  532  533
1   63  430  431
1  356
1  54  55  56  57
1    6   24   26  576  590
1  146  388  389
1    6   17  236  237  333
1   6  19  50  51  63
1  16
1  146  305
1   19   76  524  525
1  352
1   30  142  428
1    6    8   10   19   63  230  233  234
1    6   39  253  405  415
1    6    8   10  466  467
1   34   35  556  574
1    6   54   57   63  142  246  247
1    6   24   26  213  288  309  310
1   91  154  156
1   6   8  10  19  34  72  74
1    6   27  177  200  201
1  368
1   9  67
1   12   63  532  551  554
1    6  105  106  619  620
1  297  299
1  341
1    6   17  136  137
1   24   26   48   49  400
1    6  551  552  553  554  555
1    6   24   26   63  415  621
1    6   63   74  105  106  315  316  317  318
1    6   53  105  106  278
1   6  12  39  40  41
1    6    8   77   85  190
1   8  10  66  67
1    6   63   74  105  106  544
1    6   19   63   97  253
1    6  105  106  210  463
1  349
1    6   17   53  132
1    6  199  200  201  202
1   34   35  498  528
1    6    8   10   19   63  360  520
1  213  288  451  452
1    6    8   39   64  164  324  550
1    6  390  587  588
1    6   24   26  302  303
1   19   63  270  315  579
1    6   54   57  373  622
1    6  105  106  407  436  437
1    0    6   17  592
1   63  164  470  538
1    8   10  456  457
1   63  114  115
1  333  349
1   8  10  12  14
1  1
1  359
1    6   19   24   26  409  410
1    6   35   37   38  124
1    8   34   39   64  433  438
1    6  105  106  419  445
1    8   39   64  470  473  474
1  340
1    6   63  406  476
1  65
1   57   63   84  107
1   19   63  557  558
1  360
1    6   19  155  166  545
1    6   34   48   72  151  153
1    6   24   26   35  108
1  348  440
1  271  283  329  429
1    6  105  106  170  171
1    6   37   38   48   49  236  237
1   6   8  10  70  86
1    2    6   17  606
1  241  307  308  606
1  362
1   8  10  19  38  42  43
1    6    8   10   19   34   63   72  119  166
1  221
1    6  105  106  576  590
1    6    8   10   19   63  264  265
1    6  117  118  392  393
1    6    8   10   19   63  340  391
1  69
1   6  24  25  26  27  28  29
1    6   38   49  236  237  279  625
1   39   90  444  449
1  269  582
1    6    8   10   31  232
1    6    8   10  387  468
1    8   39   64  529  612  613
1  338
1  305  387  595  596
1    6    8   10   19   63  197  198
1    6    8   29   39   49   63   64  133  467  530  604  605
1    6   39  253  413  414
1  222  232  308  465
1  32  33  34  35
1    6   17  371  531
1   63  223  586
1  242
1  152
1  113  351
1    6   51  107  112  113
1   63  477  622
1    6   49  564  565
1  365  375
1    4    6   17  550
1    6   17  307  314
1    6  230  243  373
1    6    8   10   19   34   63   72  417  566
1   39  199  274  275
1  377  378
1   8  10  50  51
1    6    8   10   19   48  119  167
1   6  48  49  53
1   6  19  63  81  82
1    8   39   64  504  506  507
1  405  412
1    6  105  106  213  288
1    8   39   64  527  569  570
1   10   63   82  551  554
1    6   39   49   90  537  543
1   19   63  170  202
1    6    8   10   19   63  192  193
1  305  387  582  596
1    6   18   24   26  302
1   6  17  52  65
1    6   12   63  144  448
1  213  288  411  412
1  159  303  304  305
1  231
1  146  305  384
1    8   10  323  517
1    6    8   39  178  179
1    6   17  267  356
1   19  331  607  608
1    6   17  354  475
1   24   26   49  123  224
1    6   17  349  380  381
1    6    8   10   19   63  518  522  523
1   6  32  34  49
1   34   35   48  133
1   29   63  583  591
1    6   99  105  106  172
1    6   39  100  253  402
1    6    8   10   19   63  264  265
1  146  385  386
1    6   38   49  236  237  318  499
1  0
1    6    8   10   19   34   63   72  373  374  375
1    6   48   63  159  282
1  346  386
1    6   24   26  408  527
1   6  17  51  69
1    6  105  106  551  554
1  63  71  85  86
1    6  105  106  247  249
1  136
1    6   34   35   63   74  105  106
1    6   49   63   67  581
1    6   19  109  110  111
1   63  350
1    8   39   64   95  168  169
1    6   37   38  401  402
1  571  581
1    6    8   10   19  416  428  435
1    6   24   26  233  254
1    6   12   14   19   34  424  425
1   34   35  472  485
1   8  10  78  79
1    6  144  269  270
1    8   39   64  428  441  442
1    6   63   74  272  273
1    6   38   43   46   49  236  237
1  339
1    6   49  266  267
1    6    8   10   19  110  566
1    8   29   39   64  257  258
1   6   8  10  19  41  70  71
1   51   63   98  101
1  34  35  60  61
1   63  122  216
1  263
1    6    8   10   19   63  230  231
1  230  231
1    8   30   39   64  602  603
1  351
1   63  205  273  551  554
1   48   63   74  240  241
1  213  286  287  288
1    6   37   38   63  122  123
1   6   8  10  19  63
1  314
1  387  412
1   63  241  308  513
1   8  10  80  82
1    6   54   57  458  459
1   8  39  83
1   54  147  148  149
1  401  427
1   6  17  48  68
1  132
1   63  128  217
1   74  527  545
1  269  572
1    6   97  415  431
1  511  512
1   6  15  16  17
1    8   39  212  213
1    6   35   38   49  236  237  533
1    6   17  213  288  380  381
1  343
1    6   12   14   19   34  422  423
1   63  189  213  288
1    6    7    8   10   19  211
1   39  309  310  311
1   39  309  311  398
1  597  598
1    6   39   63  327  448
1    6    8   64   90  572
1    6    8   10   30  601
1    6   49   95  164
1    6   54   57  245  246
1  255
1  91  93  94
1  355
1  219  220
1   94  116  117  118
1   7  19  63  67
1   6  24  26  34  35  63  74
1   63  297  298
1  120  121
1   34   39   63   72   90  435
1    6  105  106  161  177
1    6   17  337  481
1   63  403  597
1    6    8   10   19   63  365  375
1    6  105  106  141  142
1    8   10  200  260
1    6    8   10   19   63  339  390
1    6   24   26  373  587
1    6   54   57  300  301
1    6    8   10   19   63  372  627
1    8   39   64  154  157  158
1  372
1   63  260  262  551  554
1   37   63  129  130  131
1   8  10  39  77
1    6   15   39   49   90  182
1    6   19   63  330  404
1    8   39   64  267  509  510
1    6   49  104  545
1  113  333  552  614
1    6   19   95  165  166
1   34   35  495  529
1    6    8   64  285  295
1  367
1  357  513
1    6   17  366  549
1    6   24   26   67  556
1    6   24   26  500  501
1    6   63  289  290
1   54   57  244  245
1    6    8   10   19   63  361  521
1  196  368
1    6   12   14   19   34  213  422
1    6   49   63  236  237  394  395
1    6    8   10   19   34   63  548
1   6  49  52  53
1    6   24   26  146  199
1    6   49  103  154
1   63  418  443
1    6   39  403  404  405
1  100  617
1   63  188  189
1    6   19   44   60  105  106
1    8   39   64  530  615  616
1   46   63   74  220  514
1   39   87   90  450
1    6   39   63  173  567
1  319  320
1    8   39   90  173
1    6    8   10   19   49  149  185
1    6    8   39  322  564
1    6   49   63  235  236  237
1  361
1   12   39  213  214
1    6  105  106  277  462
1    6  105  106  167  400
1    6  105  106  213  288  309  310
1   34   35   95  167
1   27   63  305  489  529
1   63  567  568
1  17  19  39  63
1    6  105  106  598  599
1   6  40  87  88  89
1    6    8   10   19   34  283  284
1    6   21  535  537  542
1   39  275  309  398
1   6   8  10  19  25  30  31
1   63  278  279
1   63   74  476  477
1    6    8   10   19   74  205  253
1  486  568
1  248  250
1    6    8   10  478  517
1   19  100  334  619
1    6   49   63  119
1   8  10  81  82
1   63  251  572  626
1    6    8   10  109  480
1    6   49  227  228
1    6    8   24   34   39   63   64   72  536
1    6    8   10   19   63  186  187
1    6    8   39  536  537
1  150  488
1  220  241  308  319
1  80  81  82
1   34   35  504  505
1   6  13  24  26  48
1    8   10   97  546
1   74  241  306  308
1    8   38   39   64  481  499
1  221  222
1    6   48   49  142
1  136  137  238  239  241  308
1  358
1   63   91  400
1   63  215  216
1   63   74  154  155
1   19  153  226
1    6   49   63  488  489
1   34   35   72  213  288
1   77  125  577
1  235  242
1   19   63  204  277
1   39  207  274  276
1   39  276  309  399
1    6    8   10   19   63  358  518
1   39   90  287  547
1  10  12  14  64
1    6  172  200  201  209
1    6   14   19  443  511
1   19   63  146  543  578
1    8   10   42  563
1    8   19   39   54   63  514
1   3   6   8  10  19  63
1   39  108  457  458
1   6  63  74  75  76
1    6  213  288  382  383
1   24   26   49  127  215
1    6   37   38   63  127  128
1   19   30   63  483
1    6  105  106  429  515
1    6   63  165  286
1   6   8  10  19  63
1    6   19   63  205  260
1  138
1  2
1    6    8   10   24  105
1    6   47  105  106  280
1    6   24   26   63   74  544
1   23  315  579
1    6    8   34   39   63   64   72   87  444
1    6    8   24   39  541
1  175  263
1   8  10  14  87
1    6    7   63  211
1    6   17  321  552
1    6  107  117  514  515
1    6   37   38   63  279  503
1   63  117  279  325  429
1    6   19  105  106  159  160
1    6   24   26   63  143  144
1    6   29   51  113  256
1   29   48   63   74  113
1   6  34  37  38  45
1  414  415
1    6   17  335  336
1    6    8   19   48   63   64  334
1    6   17  179  183
1    6   63   64  212  213
1  3
1   74  364
1    6  105  106  268  282
1    8   27   39   64  584  585
1    6  105  106  298  589
1    8   63   81  551  554
1  305  572  582  595
1   24   26   49  144
1    6  105  106  326  327
1    6    8   19   39   48   64  334
1   39  309  312  399
1    6   97   98   99  100
1   39   90  454  455
1    6   24   26  376  377
1    5    6    8   10   19   63  527
1    6    8   39   64   95  155  156
1   24   26   49  131  218
1    6   17  343  432
1  64  91  92
1    6    8   77   89  192
1    6   20   24   26  384
1   6   8  10  17  19  63
1  184  255
1   19   63  384  387
1  346
1    8   10   97  253
1    6   63   87  213  214
1    6   24   26  209  494
1    6    8   10   19   63  347  439
1    6    8   10  573  589
1  21  22  23
1  320
1   24   26  429  526
1  345
1    6   49  460  461
1   6   8  10  64  84
1    6   54   57  243  244
1    6    8   10   19   34   63   72  205  253
1    6   11   12   39  508
1  321
1  363  535
1    8   39   64  531  623  624
1    8   10  262  273
1    6    8   34   39   63   64   72   95  163
1   6   7   8   9  10
1  5
1  366
1    6   24   26   51   63  142
1    8   38   39   64  493  496
1  193
1    6   24   26  374  376
1    8   39   64  393  514  516
1    6   39   90  535  537
1    6    8   10  482  483
1    6   19   24   26   66  305
1    6   63  174  175  176
1    8   10  532  539
