1    4    8   40   49  319
1   23   37   38  109  346  347
1   6  44  50  51
1    5   93   95  119  368
1    6   24  304  308
1  66  67
1    5    6   23   24   26  258  312
1    6  193  406  414  415
1    6   45  108  109
1    5   93   95  250  251
1   37  150  382  383
1    5   49   83  421  422
1  17
1    5   37  135  150  176  436  437
1    5   47   71  172  173
1    6   23   24   37   47  158
1  105  132  223  224
1   37  233  234  355
1   37   53  248  419
1  284
1    5   23   24   26  202  334  335
1    5   86  135  396  462
1   24  353  354  439
1  159  331
1  292
1    5   23   24   26  155  334  344
1   5   6  15  35  36
1    5   23   24   26   49   99  134
1    5   49  187  481
1  252  371  470
1  252  305
1    5   49  360  420
1    5    6   23   24   26  108  264
1    5   49   60  123
1    5   78   93   95  216
1   5   6  45  49  69
1   26   66   67  159  331  390  392  397  454
1    5   18  282  408
1   37  233  355  442
1  286
1    4    5    8  137  340
1    5   73   74   86  462
1  175  286
1    5   49   70  114
1  188  411  412
1    5    6   45   86  462  463
1  1
1    5   23   26  184  324
1    5   15   16   49  168  169
1    5   24   93   95  119  120
1    5   23   26  400  402
1   23   26  166  212
1  419  424  425  426
1    5   76   78  334  335
1   5  23  33  37  85
1    5   40  106  108  109  110
1    5   49  482  483
1    5   18  155  266
1   83  109  143  441
1    4    5    6    8   15   16   23   24   26   37   38   60   62   68   85   89   93   95  105  108  109  114  121  129  135  136  137  138  139  140  141  142  143  144  145  146  147  148  149  150  151  152  153  154  155  156  157  158  159  160  161  162  163  164  165  166
1    5    6   40   45  106  110
1  283  404
1    5    6   15   16   31  127
1  71
1    5    6   29   49   93   95  168  169  170
1    5   23   37   67  349
1  15  16  23  27  37  38
1   23   26  212  213
1    5   18   57  261
1  259
1   43  273
1  37  43  53  63
1    5   33   93   95  314
1  23  26  27  28
1    5    6   37  204  246
1    4    5    6    8  109  326
1  322  323
1    5    6   40  119  215
1    5   29   49   93   95  169  170  381
1  15  16  24  28
1  31  32
1    5    6  325  326
1    5   89  129  134  135
1    5   37   49   53  409  410
1    5   93   95  112  113
1    5   18  296  466
1   37   53  352  452
1  291
1  308  375
1    5   22  359
1   5  18  44  46
1    5   23   24   26   87  425  475
1   5  47  48  49
1  252  438  455  456
1    5    6   23   24   26  164  289
1    5   18  248  299
1    5   23   26  327  342
1    5   18  148  295
1  269
1    5    6   45  150  165
1  287
1  57  58  59
1   45  280
1    5   29   49   93   95  167  169  380
1  288
1    4    5    8  327  328
1    6   45  364  365
1   83  109  141  398
1   23   26  194  195
1   83  109  429  446
1  107  372
1    5   23   26  362  363
1    6   61  212  414  415
1    5  176  383  388  397
1    5   24   60  124  125
1    5   23   24   26   45  150  165
1  258
1    5   23   38  221  315
1  247  440
1  0
1   37   53  341  354
1  273
1    5   93   95  105  132
1    5  390  391  426  443
1   6  68  69  70
1   5  18  89  90
1  64
1    5   23   26  350  351
1    6   44  399  400
1    5   15   49   89   98  111
1    5   23   37  403  409
1    5    6   49  175  186  187
1    4    5    6    8   63  352
1  122
1    5    6   15   16  211  319
1    6   24  151  431
1    5    6   74   93   95  427
1  263
1   5  18  91  92
1  266
1  100
1    4    5    8   24  252  333
1  261
1  191
1   6  44  71  72
1    6   12   45  103
1  37  38  44  53
1    4    5    8  305  324
1    9   83  109  210
1    5   18  245  249
1    5   49  109  343
1    6  253  254
1  277
1    5   18  114  118
1    5    6   18  131  133  175  188
1    5   37  165  329  331
1    6  364  481
1    5  139  156  176  178
1  260
1   14   19   86  144
1   4   5   6   8  40  45  89
1    5   18  105  131  132  133
1   23   26  390  419
1    6   45  202  316
1    5   23   24   26  200  475  476
1    5   37  150  180  250
1    5   18  301  484
1   5  17  18  19
1   37  232  233  234
1   29  381  473  474
1    6  271
1  108  109  308  337
1    5   18  275  393
1   37  219  360  361
1    6  228  229
1  290
1   23   26  204  405
1  110  182
1  39
1  185
1   47   98   99  100
1    5   93   95  323  346  347
1    5    6   37  236  237
1    6   69  114  115
1  298
1    6   78  240  340  398
1  283
1    5   23   37   38   60  116  117
1    5    6   76  401
1   6  40  45  84  85  88
1    4    5    8  429  430
1    6   15  144  214  459
1   60   83  109  127
1  205
1    5   23   26  368  369
1  285
1    5    6   22   23   24   26  108  109  125
1    5    6   37   62  202  225
1    5    6   23   24   26  121  122
1    5   23   26  177  198
1    6  139  160  252  371
1    5   49  156  163
1   29  380  391  477
1   24  110  183
1  308  327
1    6   51  353  354
1   24  247  354  448
1    5    6   24  424  442
1    5  108  109  158  230
1    5    6   49  182  432
1  279
1  13
1   72   73  226
1    5   18  142  277
1  32  49  83  93  95
1   29  171  389  473
1  23  26  38
1    4    5    6    8  233  235
1    5    6   29   49   93   95  168  169  171
1  23  26  61  62
1    5   93   95  376  377
1    5   37  150  177  178
1   37   53  106  107
1   24   43  247  450
1    5    8   23   37  408
1  293
1    5   27   74  135  189
1  264
1    5   40   49  251  252
1    6  338  348
1    4    5    6    8  232  235
1    5   15   49   83  144  317  318
1   24   44  197  247
1    4    8   49  182  441
1   49  185
1  89  90  91  92
1  275
1   45  148  463
1    5    6   23   24   26  161  274
1  15  16  29  30
1  271
1   29  167  173  177  324
1  199
1  46
1   5  20  40  49
1    5   18  223  288
1   57   86  261  293
1  321  337
1    5   23   26  245  246
1    5   93   95  228  461
1  200  201
1    6   24  148  369
1    6  390  405  414  415
1   5  23  24  26  87  88
1    5   84   85  164  326
1    5    6   23   24   26  108  109  335  444
1   34  433  453
1    5   23   24   26   89  479  480
1    5   15   23   26  238
1    6   86  201  458
1  174  175  211  336
1  374  375
1  227
1    5    6   29   49   93   95  168  169  172
1   23   26  243  244
1   83  109  154  432
1   93   95  340  401
1    6  209  255
1  270
1  268
1   6  63  77
1    5   18   40  290
1    5   37  165  320  391
1   5  18  82  83
1    5    6   45  113  225
1    6   24  242  447
1   24   43  439  449
1   23   26  246  405
1    5   24  115  117  125
1  59  76  77  78
1   5   6  22  49
1    5   23   37   38   45   60  121
1  350  456
1  278
1    5    6   40   45   49  135  143  363  467  468
1   33   78  243  246  314  340
1   37   41  217  315
1  2
1    5   18  139  291
1    5   23   24   26   80  444
1    6  139  160  470
1   23   26  150  193
1    5    6   23   24   26  149  294
1  256
1  105  127  132  319
1    6  226  227
1   24  439  451  452
1    5  136  442  443
1    6   26  195  414  415
1    5    6  131  133  174
1    5   18   60  128
1  190
1  257
1   5  40  41  42
1    5  162  311  312
1    5   18   88  199
1   24  208  229
1  3
1    5    6   23   24   26  292  457
1  272
1   15   16   75  368
1  303
1   23   26  152  406
1   6  27  45  65
1   15  218  413
1    6   49  359
1    6  174  175
1    5    6  235  395
1   6  89  96  97
1    6   24  207  208  209
1    4    5    8  366  367
1    5    6   23   24   26  135  190
1    4    5    8  366  367
1   23   26   61  341
1    5   48   68  138  399
1    5    6   24  175  202  230  231
1    5    6  322  365
1    5    8   23   37   38   45  403
1   5  16  22  23  24  25  26
1    5   37  159  165  332
1   11  438
1    6   78  139  155  340
1    5   49  418  419
1  88  89
1    5   18   94  256
1  90
1    5   23   38   53  438
1  295
1   40   45  139
1    5   18   86  293
1   15   23   37   38  111  181
1  12  13
1  10  11
1   11   49   93   95  254
1   5   6  18  23  24  26
1    5   93   95  478  480
1   23   24   26   76   78  202
1  268  354
1    4    5    6    8  109  325
1    5   23   26  445  461
1  255  430
1    6   24  382  384
1   23   26  176  193
1   15   23   37   38  413  465
