1   54   68  120  180  228
1  121  189  196  224
1   26   41   76  120  183
1   87  103  121  163
1  321
1   61  132  283  309
1   65   67  139  140
1   58   62   72  120  215
1   58   62   73  120  216
1   70  120  121  153  191
1   34   65  182  225
1  120  121  142  171  208
1   71  120  121  153  192
1   24   25  224  239
1  240  243
1   53   62  120  130  200
1  10  11
1   11   80  121
1   39  277
1  87  98
1  317
1   41   88   91  120  228
1   50   62   70  120  205
1   58   62   74  120  217
1  332
1   77  155  224
1  303
1  216
1   26   41  120  186  193
1   94  292
1   10   12   24  224
1  120  121  143  171  211
1   41   48  228
1    6   29   35   82  120
1  272
1  92
1  294
1   97  120  121  138  143
1  120  157  164  224  239
1   26   41   48  120  121  224  281
1    3  121  220
1   52   62  120  130  199
1   58   62   70  120  213
1  306
1    5   64  120  265
1   74  120  121  153  195
1  249  339
1   25   26   37   41  120
1  95  98
1   74  121  181  224
1   45   46  120  160  161
1  18  20
1   14   64  160  161  243
1   70  120  121  154  198
1  315
1  115  116  121  122
1  121  152  153  224
1  302
1  168  324
1  209
1   26   41  120  121  132  156  224  309  319
1  120  121  138  141  207
1    1    7  121  224
1  121  126  257
1  26  37  41
1  341
1   24   37  228  231
1  121  196  203  224
1  121  191  198  224
1   84   85  121  224
1  30
1  127  307
1  288
1  120  238  301  334
1  26  41  49  68
1  27
1  292
1   26   41  120  262  264
1   75  121  182  224
1  144  315
1   26   41   73  120  180
1  121  150  151  224
1   41  120  158  166  228
1   28   29   35  120  148
1   50   62   71  120  206
1  334
1    8   26   41  120  121  224  268
1  234  331
1   26   41   71  120  178
1  121  122  163  169  233  236
1   98  154
1   78  287
1   26   41  250  251
1   26   41   69  108  109  120  224
1  106  120  121  252  255
1  127  129  228  231
1    4  117  228
1  325
1  331
1  274
1  309
1   97  120  121  125  141
1  237  333
1   56   68  120  182  228
1   51   68  120  177  228
1   26   41   98  105  120
1   22  120  272  301
1  111  299
1  120  301
1   26   41   59   60  120
1   50   62   73  120  208
1   26   41  120  184  191
1   61  123  283  304
1   15   98  120  160  161
1   57   62  120  130  204
1   65   67  225  226
1   72  120  121  152  186
1   76  121  183  224
1  113  120  129  160  161  163
1  314
1   64  144  160  161  238
1   44   45  120  252  255
1  281
1   0   7  26  41
1  120  121  224  250  251
1   26   41  120  158  160
1   63  284
1  285
1   26   41  120  166  242
1   26   41  120  121  167  224  323
1   33   65  112  172
1   16   17  120  121  158  159
1   26   41  120  193  200
1   73  120  121  154  201
1  271
1   99  293
1  146  147
1   26   41   72  120  179
1   18   19   26   41  120
1   14   15  120  121
1   26   41  104  113
1  43
1   50   62   76  120  211
1   26   41  120  196  203
1  224  329
1   26   41  120  185  192
1   84  289
1  121  193  200  224
1   61  110  156  283  298  319
1   20   21   26   41  120
1  266
1  305
1  3  7
1  116  120  121  133  137
1   39  121  174  258
1  121  185  192  224
1  116  137  155
1  269
1   26   41  120  188  195
1   72  120  121  154  200
1   47  280
1    9  120  121  227
1  121  302
1   57   68  120  183  228
1  215
1   69  286
1   26   41   86   87  120
1   79   80  121  224
1   26   41  120  192  199
1   44  123  279  304
1  120  175  301  327
1  105  120  160  161  245
1   26   41  120  190  197
1   24  273
1   94  121  144
1  301
1   33   65  172  180
1  310
1  121  224  256  259
1  26  41  49  62
1   65   67  139  140
1    0    1  120
1  326
1  151
1   26   41  107  108  120  163  224
1   65   67  225  226
1  120  121  224  249  250
1  291
1  213
1   35   36   64  120
1   37   41   65  125  225  228
1   37   41  120  231  240
1  120  144  158  159  170
1  300
1  206
1  270
1  105  295
1   37   88   91  120  121
1   64  285
1   26   41  252  256
1   37   38   41  120  121
1  329
1  120  121  138  142  209
1   71  120  121  154  199
1   33   65  139  181
1   58   68   85  120  228
1   30  108  221  223
1  121  186  193  224
1   26   41  115  120  121  224  300
1   59  156  282  319
1   12   36  120  246  247
1   37   41  120  248  250
1  318
1  121  135  136
1   26   41  120  194  201
1   26   41   47  121  224  280  301
1  336
1  127  131  224  239
1   50   62   72  120  207
1   34   65  112  139
1   58   62   71  120  214
1  122  169  212  236
1  120  134  301  311
1   26   41  120  220  238
1   40  278
1  324
1  316
1   75  120  121  153  196
1   32   65  172  178
1  121  130  154  224
1   87  147
1  121  122  169
1  219
1  120  162  224  239  242
1  286
1  298
1  121  164  165  224
1   32   65  177  225
1   64  120  174  232
1   26   41  120  235  236
1  337
1  214
1  284
1   26   41  120  191  198
1   26   41   91  120  241
1  259  341
1  333
1   17  271
1   53   68  120  179  228
1  120  121  141  171  206
1   26   41   87   93  120
1   73  120  121  152  187
1  169  325
1   26   41  111  112  120
1  312
1   31  156  276  319
1  299
1   26   41   99  100  120
1  210
1   29   35   42   43  120
1   74  120  121  152  188
1   70  120  121  152  184
1  307
1   25   29  121  124
1  157  320
1   50   62   74  120  209
1   21   23  121  220  224
1   41   81  120  165  228
1   37   48  120  121
