1  136  137  345  428
1    6    8   10   19   48  119  167
1  190  195  196
1    6   63   64  212  213
1   34   35  495  529
1   8  10  80  82
1  263
1   8  10  19  38  42  43
1   19   63  209  519
1    6    8   10  572  580
1  219
1    6    8   34   39   63   64   72   95  163
1    6   24   26   33   63  594
1    6  230  243  373
1  357  513
1    6    8   10   30  601
1   6  13  24  26  48
1    8   10  262  273
1   14   63  539  551  554
1  213  288  411  412
1    6   38  105  106  478  479
1    6   63  165  286
1    8   38   39   64  497  549
1    6   38   49  236  237  495  496
1  406  407
1    8   38   39   64  481  499
1  337
1    2    6   17  606
1  113  351
1   39  199  274  275
1    6  107  117  514  515
1    6  105  106  429  515
1   6  19  63  66  67
1  357
1  418  419
1    6   39   49   90  537  543
1    6    8   10  478  517
1  333  349
1    6   63   97  100  618
1   39  309  310  311
1  213  288  333
1   63  114  115
1    6    8   10  482  483
1    8   39   64  267  509  510
1   6  19  39  63
1  361
1    6  105  106  298  589
1    8   39   64  133  134  135
1    8   10  329  330
1   6  24  25  26  27  28  29
1    8   34   39   64  436  437
1    6    8   10   19   93   95  121
1    6   24   26   63   74  544
1   39   63  289  448
1  366
1   34   35  472  485
1    4    6   17  550
1    6  213  288  382  383
1  369
1    6    8   39  536  537
1  17  19  39  63
1    6   24   26  374  376
1   19   63  471  472
1  368
1  65
1  348  440
1   15   39  284  295
1    6    8   10   19   63  358  518
1   6   8  10  64  84
1    6    8   34   39   63   64   72   87  444
1   39  309  311  398
1    6    8   10   19   34   63  548
1   9  67
1   63  253  272  551  554
1    6   49   95  164
1   7  19  63  67
1    6   12   14   19   34  238  451
1   19   63  126  290
1    5    6   17  527
1    6   63  118  526
1   63  260  262  551  554
1   63   91  400
1    6   21  535  537  542
1    6   54   57  373  622
1    6   24   26  576  590
1   19  405  431
1    6  390  587  588
1   6  32  34  49
1    6  105  106  247  249
1  365
1  412  519
1  184  255
1    8   39   64  530  615  616
1  405  412
1    6   63  291  292
1    6   19  155  166  545
1   6  17  52  65
1  241  307  308  606
1    8   10  455  456
1    6   37   38   49   63  236  237  238  239
1   8  10  39  77
1   19  226  334  573
1    8   10  200  260
1   54  147  148  149
1    6   12   14   19   34  425  426
1  175  263
1  305  387  595  596
1    6   24   26  146  199
1   19   63  145  146
1  339
1  10  12  14  64
1   63  189  213  288
1   63   74  476  477
1   77  125  577
1    6   35   38   49  236  237  533
1    6  105  106  419  445
1  340
1  183
1    6   38   49  129  133  147
1  54  55  56  57
1  344
1    6   38   49  236  237  497  498
1  358  518
1    6   24   26   63  143  144
1    6   48   49  142
1    6    8   10   19   63  230  231
1  136
1   6   8  10  17  19  63
1    6   24   26   63   96  444
1   19   63  453  454
1    6   17  213  288  380  381
1    6  105  106  161  177
1    6  105  106  446  447
1    6  105  106  277  462
1  16
1    6   24   26  376  377
1  221
1   19  153  226
1    6    8   10   19   63  194  195
1   49  229
1   63  567  568
1    6   14   19  443  511
1    6   37   38   48   49  236  237
1   63  403  597
1    6   11   12   39  508
1   39  206  274  275
1   34   35   95  167
1    6    8   10   19   63  339  390
1  271  283  329  429
1   39  276  309  399
1   63  278  279
1   6  19  63  81  82
1   74  364
1    8   10  456  457
1    8   10  532  539
1   57   63   84  107
1    6    8   10   19   34   63   72  417  566
1  18  19  20
1    6    8   10   19   34   63   72  433  434
1  342
1   63  217  218
1   24   26   49  123  224
1   34   35   72  213  288
1    6   63  289  290
1    6   49  460  461
1   63   74   95  163
1  354
1    6    8   24   39   64   74  536
1   3   6   8  10  19  63
1   6  11  12  13  14
1    8   19   39   54   63  514
1   10   63   82  551  554
1   91  154  156
1   6  63  74  75  76
1    8   39   64  154  157  158
1    6   39   63  327  448
1  255
1    6   37   38   63  279  503
1    6   24   26   63  415  621
1   19  100  334  619
1    6  105  106  324  325
1    8   39   64  527  569  570
1    6   17  307  314
1   51   63   98  101
1    6    8   10   38  322
1    6    8   10   19   63  361  521
1    0    6   17  592
1   6   8  10  19  34  72  74
1   48   63   74  240  241
1   46   63   74  220  514
1    6   49  313  323
1   39  309  312  313
1  352
1    6   24   26  167  400
1  321
1   63  122  216
1   39  108  457  458
1   6   7   8   9  10
1    6   37   38   58   63  167
1  297  299
1    6    8   10   19   49  149  185
1    6   17   29  259
1    6  105  106  170  171
1  345
1  230  231
1  111  126  285
1  347
1  341
1    6    8   10   19  110  119  120
1    6   17  341  397
1   24   26   49  127  215
1    8   27   39   64  584  585
1  19  37  38  50
1   29   48   63   74  113
1    6   38   49  236  237  279  625
1    6   47  105  106  280
1    6   49  469  470
1   19  331  607  608
1    6  334  552  575
1  377  378
1    6    8   10   19   63  197  198
1   6  40  87  88  89
1   39  182  295  296
1    8   10   97  546
1    6   24   26  500  501
1    8   10  330  404
1    6    8   10   19   63  367  614
1    8   10   19   49  309  323
1  305  387  582  596
1    6   49  590  591
1  63  71  85  86
1  102  370
1    6   17  179  183
1   63  297  298
1    6   24   26  326  327
1   63   97  540  551  554
1    6  105  106  210  463
1    6  105  106  213  288
1    6   17  306  359
1    6   49   63  225  498
1    8   10  609  610
1   63  223  586
1    6   49  161  162
1   63  502  503
1   35   49   59  105  106
1    6   49   70  601
1    6   39  201  205  206
1    6   19  109  110  111
1   19   63  204  277
1  358
1   63  215  216
1    6   17  232  241  380  381  465
1   63  205  273  551  554
1    8   10  205  260
1  343
1   34   35   48  133
1  414  415
1   63   96  116
1    6   18   24   26  302
1    6   36   37   38   63  479
1  362
1  401  427
1  194
1    6   27  177  200  201
1    6   63   74  326  328
1  314
1    8   10  480  561
1    6  172  200  201  209
1    6   24   26   63   74  299  304
1    6    8   10   19   63  197  198
1    6   63   87  213  214
1   27   63  117  428  429
1   8  10  81  82
1    6   97  415  431
1  3
1   27   63  305  489  529
1   6   8  10  19  63
1  146  305
1  91  93  94
1  363  535
1    8   10  323  517
1    6  200  203  209  210
1    6   39   63  173  567
1  0
1  191
1  597  598
1   29   63  583  591
1    6    8   10  600  609
1    8   10   17   19   63  354  475
1   63  188  189
1    6   12   14   19   34  422  423
1  68
1    6    7    8   10   19  211
1  17
1   74  104  484
1    6   63   74  105  106  544
1    8   39   64  393  514  516
1   34   35  498  528
1    6    8   10   19  110  566
1    6   49  144  317
1  359
1    6  105  106  208  460
1    6   54   57  243  244
1  235  242
1    8   39   64  504  506  507
1  241  306  307  308
1  1
1    6  188  189  593
1    6  105  106  407  436  437
1    6   54   57  452  459
1    6   49   63   67  581
1    6  105  106  576  590
1  229
1    6   34   48   72  151  153
1    8   29   39   64  257  258
1    6   19   95  165  166
1  213  239  288  382
1    6   12   14   19   34  213  421
1  146  385  386
1    5    6    8   10   19   63  527
1  136  137  238  239  241  308
1  105  106  283  397
1  159  303  304  305
1    6   17  352  490
1  19  23  62  63
1    6   49  103  154
1    6   49   63  235  236  237
1    6    8   10   48  334
1    6    8   10   19   34  283  284
1   19   63  270  315  579
1  269  582
1   8  10  78  79
1   6  19  50  51  63
1    6   28   49  131
1    6   24   26  209  494
1   24   26   48   49  400
1    6   12   14   19   34  423  424
1   24   26   49  144
1   37   38  112  482
1    6   49  564  565
1    6    8   10   19   34   63   72  373  374  375
1    6    8   10   19   63  186  187
1    6   24   26   35  108
1  180  267
1    6    8   10   19   63  264  265
1  4
1  138
1    6   54   57  458  459
1    8   10   42  563
1    6   63  383  396
1   39  309  312  399
1    6   17  321  552
1  150  488
1    6  551  552  553  554  555
1    6   10   64  412  430
1  222  232  308  465
1  387  512
1   39  275  309  398
1  111  342
1    6   24   26  576  590
1    8   39  212  213
1    6    8   10   19   63  192  193
1    6   54   57   63  142  246  247
1  10  39  64  77
1  187
1    6   38   43   46   49  236  237
1   8  38  39  42  43  64
1  136  137  186  187
1  146  305  384
1   24   26  429  526
1    6    8   10   19   63  136  137  354  475
1    6   17  335  336
1    6   39  467  561  609
1    6   17   34  344
1    6  105  106  117  283
1   34   35  504  505
1    6    8   10   19   34  238  451
1    6  199  200  201  202
1  350
1   39   90  287  547
1    6    8   10  573  589
1    8   39   64  470  473  474
1  133  136  137  138
1   39   87   90  450
1   37   63  129  130  131
1   19   63   88  542
1    6    8   19   48   63   64  334
1  198
1   39   90  454  455
1   8  10  50  51
1    6    8   39   64   74   87  444
1   39  207  274  276
1  39  64  76  90
1    6   48   63  159  282
1    6   49   63  488  489
1    6   17  354  475
1  120  121
1   27   63  529  611
1   24   26   49  225  318
1    6   19  105  106  159  160
1   19   63  575  576
1  39  75  90  96
1    6    8   39   64  164  324  550
1    6    8   24   39  541
1  34  35  60  61
1   19  251  331  332
1   63  280  281
1    6   17  354  475
1    6    8   10   24  105
1    6   17  136  137
1  486  568
1    6   24   26  233  254
1  305  572  582  595
1    8   10   34  410
1    6   37   38  401  402
1    6  105  106  619  620
1    6    8   64   90  572
1    6   63  406  476
1  196  368
1    6   39  253  405  415
1    6   12   14   19   34  213  422
1  367
1    6  199  200  203  204
1    6    8   64  285  295
1    6   37   38  180  181
1    6   53  105  106  278
1    6   19   44   60  105  106
1    6   17  343  432
1  265
1   24   26   49  131  218
1    6   35   37   38  124
1    6  105  106  141  142
1    6  238  394  395  396
1    6  105  106  167  400
1   63  501  502
1  320
1    6   19   66  105  106  305
1   6   8  10  17  19  63
1    6    8   10   19   63  264  265
1  355
1    6   17   23  152
1    6   19   24   26   66  305
1  259
1  349
1   8  10  66  67
1  348
1  305  489  611
1   34   72  387  427
1   6   8  10  19  34  63  71  72  73
1    6   54   57  300  301
1    6   49   63  236  237  394  395
1    6   49  104  545
1    8   39   64  528  559  560
1   34   35  281  490
1    6   17  371  531
1    8   39   64  529  612  613
1  2
1   94  116  117  118
1  21  22  23
1    6   17  366  549
1    6   10   64  384  387
1    6   35   37   38   63  464
1    6   37   38   63  127  128
1    6   49   54   57  248  249
1    6   24   26  213  288  309  310
1    6   63   74  272  273
1    6    8   10   19   63  365  375
1    6    8   73   77  254
1    6   24   26   63  470  471
1    6   24   26  302  303
1   34   35  556  574
1    6   20   24   26  384
1  213  288  296  453
1    6   49  227  228
1  113  333  552  614
1  231
1    6   63   74  105  106  315  316  317  318
1  100  617
1   19   63  557  558
1    6   51  107  112  113
1  146  388  389
1    6   24   26   67  556
1    6   49   63  119
1    8   39   64  531  623  624
1    6    8   19   39   48   64  334
1   19   63  170  202
1    6    8   10  387  468
1   34   39   63   72   90  435
1    6   19   63  125  126
1    6   12   63  144  448
