1  92
1   5  22  23  24  26  79  80
1   6  89  96  97
1    5   93   95  327  328
1    5   49  109  343
1    6  174  175
1  17
1    5   23   37   38  123  239  423
1    5    6   45  150  165
1  46
1    6  139  160  252  371
1    5   18  296  466
1    5   23   26  329  330
1    6   24  139  446
1    5  139  156  176  178
1    6   44  399  400
1    5    6   37   62  202  225
1  275
1   11  455
1    5   93   95  119  368
1    5   18  160  297
1   49  185
1    5   18  241  242
1   5  47  48  49
1    6   24  382  384
1    5    6   49  371  372
1    5   15   23   26  238
1    5   18  115  287
1    5   37   49   53  409  410
1    5   37  135  150  176  436  437
1    5    6  387  419  471
1  291
1    5   84   85  164  326
1    5   18  196  197
1    5   40   49  251  252
1  207  252  308  456
1    5   93   95  378  379
1    5   23   26  245  246
1    5   23   24   26   49   99  134
1  110  370
1    5   23   35   37  238
1    6   61  212  414  415
1    5   18   93   95  105  132
1    5   49   83  421  422
1   5  23  33  37  85
1    5  136  442  443
1    5   23   26  400  402
1   29  167  173  177  324
1  288
1    5    6   23   24   26  135  190
1   91   92  164  289
1    5   49  142  200
1  4  5  6  7  8  9
1   5   6  18  23  24  26
1   5   6  15  35  36
1    5   29   49   93   95  169  170  381
1  37  38  44  53
1    6  364  481
1  32  49  83  93  95
1  302
1   5   8  23  26  95
1  255  430
1    5   23   26  423  436
1  23  26  27  28
1   29  171  389  473
1    5   18  223  288
1    6   10   24  209  384
1    5   49  482  483
1    5    6   23   24   26  158  279
1    5   24   93   95  119  120
1   23   24   26   76   78  202
1  289
1  105  127  132  319
1  151  153  184
1  274
1    5   18  114  118
1    4    5    8   60  126
1    5  174  175  188
1    6   24  222  236
1  200  201
1    5   18  143  298
1    5   24  115  117  125
1    5   93   95  228  461
1    5    6   23   24   26  121  122
1    5    6   23   24   26  108  109  335  444
1  305  306  307
1    6  253  254
1    5   93   95  112  113
1    4    5    6    8   63  352
1    5   93   95  414  415
1    6   24  112  433
1    5   47   71  104  105
1  199
1    5   18  142  277
1  273
1    5   18  191  192
1    5   37  165  321  474
1    5   15   16  320  321
1    5   23   37  129  130
1    9   83  109  210
1  303
1  278
1  176  179  395
1    5   27   75  135  396
1  3
1   23   26  434  435
1   23   26  152  406
1  263
1  265
1    6   24  203  433  453
1    6   45  202  316
1   26   61   67  146  159  331  339  390  391  392
1   5   6  24  37
1    5   93   95  317  318
1    5   23   24   26  345  476  479
1   24  209  391  478
1   29  381  473  474
1  293
1    5   18   57  261
1  280
1    5   23   37  403  409
1    5   49  360  420
1   6  27  45  65
1   11  438
1   40  105  132  385
1  257
1   24  439  451  452
1   69  300
1    5   23   26  350  351
1    5   23   24   26  202  334  335
1   5  18  44  46
1  57  58  59
1    5   27   74  135  189
1    5   37   49  104  218  219
1  241
1    5    6   15   16   31  127
1  191
1    5    6   37  204  246
1    6   78  240  340  398
1    5    6   62  202  237
1    5  387  388  389  390
1    5   18  109  265
1    4    5    6    8  109  326
1  90
1  71
1  109  345
1    5   18  275  393
1  227
1    4    5    6    8  232  235
1    6   42   45  110
1  45  57  60
1   5  16  22  23  24  25  26
1   5  40  41  42
1   5  23  24  26  58  60  81
1    6   86  201  458
1   37  233  355  442
1  321  337
1    5    6   23   24   26  149  294
1    5    6   23   24   26  145  276
1    5   18  278  319
1   5   6  45  49  69
1  259
1   6  49  83  84  85  86
1    4    5    8  305  324
1    5    6   45   86  462  463
1    5    6   40   45  106  110
1   24   44  197  247
1    6   24  242  447
1   24  110  183
1  264
1  394  402
1    5    6   49  182  432
1   83  109  161  373
1    5  390  391  426  443
1  59  76  77  78
1   23   26  246  405
1    6   23   24   37   47  158
1  39
1    5   76   78  334  335
1    6   45   60  121
1    5   23   26  368  369
1    6  226  227
1    5   15   16   49  168  169
1    5    6   76   78  202
1   37  150  382  383
1  308  327
1  110  182
1    1    5   18  154
1  287
1   23   26  176  193
1    5   35   49  437
1    5   18  155  266
1    6   24  349  351
1    5   15   16   33   40   49  314
1  285  411
1  385  393
1   60   83  109  127
1    5   40  106  108  109  110
1    5   78   93   95  216
1  283  404
1    6   45  101  102
1    5    6   18  131  133  175  188
1  174  175  211  336
1   23   26  165  390
1    5   18  121  122
1   34  433  453
1   6  68  69  70
1   24   43  439  449
1   83  109  145  386
1  270  359
1    6   27  472  477
1    5   24   61  348  374
1  260
1   40  252  253
1   24   43  247  450
1    5   73   74   86  462
1  18
1  82
1   5  23  24  26  87  88
1   23   26  157  244
1    5   18   40  290
1   37  233  234  355
1    5    6   45  113  225
1   37   53  106  107
1    6   24  148  369
1    6  271
1   15   23   37   38  111  181
1    5    6   74   93   95  427
1   15   16   75  368
1   45  148  463
1    5    6   23   24   26  292  457
1    6   24  151  431
1   5   6  22  49
1  10  11
1    5   93   95  164  326
1   57   86  105  132
1  269
1    5    6   45   83   93   95  109
1    6   45  108  109
1   40  210  211
1    5   93   95  305  324
1   72   73  226
1    5   93   95  478  480
1    5   93   95  338  339
1  118
1  13
1    5  162  311  312
1    5   45   63   93   95  341
1   11   49   93   95  254
1   83  109  429  446
1    6   41  217  221
1   6  40  45  84  85  88
1   37   53  341  354
1    6  390  405  414  415
1    5    6   24  424  442
1    6  404  412  414  415
1    5   15   49   89   98  111
1    5    6   40   45   49  135  143  363  467  468
1   37  219  233  355
1  256
1  374  375
1    5    6   23   24   26  281  407
1    5    6    7  367
1    5   49  187  481
1    6   24  207  208  209
1  207  252  308  455
1    6   49  359
1   23   26  194  195
1    4    5    8  327  328
1   93   95  340  401
1    5    6   24  175  202  230  231
1    5    6  322  365
1   24  245  247  248
1    5    6   37  236  237
1   6  63  77
1  185
1    5   93   95  250  251
1   37   41  217  315
1   89  356  357  358
1    5   29   49   93   95  167  169  380
1  261
1  1
1  196
1    5   93   95  214  215
1  21
1    5   18   94  256
1  15  16  24  28
1    5    6   29   49   93   95  168  169  170
1    5   37  362  435  469
1    5  108  109  158  230
1   15   16  139  189
1   24  183  209  445
1    5   18  105  132  269
1   26   66   67  159  331  390  392  397  454
1    6   26  195  414  415
1   37   53  248  419
1    5    6  254  328
1  290
1   37  219  360  361
1    5   23   24   26   45  108  109
1  249
1   5  23  26  54  55
1    5    6   40  119  215
1    5   49   60  123
1  350  456
1    5    6   23   24   26  108  264
1    6   37   53  108  109  344
1   40  370  421  422  460
1   14   19   86  144
1    5    6   15   16  211  319
1   23   26   60  120
1   5  20  93  94  95
1  258
1    4    5    6    8    9  367
1   23   26  390  419
1   37   53  223  418
1   5   6  43  44  45
1   29  380  391  477
1   84   85  105  132
1   57  114  116
1    6  175  186  311
1    4    5    8  366  367
1    5  176  178  324  431
1    5   29  381  471  472
1   6  24  33  34
1    0  181
1   6  24  36  38
1    5   23   26  243  466
1   6  44  71  72
1  12  13
1   57   86  261  293
1    5   23   38   53  438
1  31  32
1    5   18   88  199
1    5   18  139  291
1  107  372
1  122
1    5  220  221  222
1   45  280
1  300
1  252  371  470
1    5    6   29   49   93   95  168  169  171
1    5    8   23   37   38   45  403
1    5    6   23   37   38  108  109  341  352
1   23   26  333  430
1   5  18  27  39
1   83  109  115  325
1    6  193  406  414  415
1  175  286
1    5   23   24   26  109  216  217
1    5   23   24   26  155  334  344
1    5   37  159  165  332
1    5   37  165  329  331
1  0
