1  31  32
1  10  11
1    5   18  121  122
1    5   18  223  288
1    6  226  227
1    6  228  229
1   83  109  145  386
1   3   5  18  24
1    5    6  387  419  471
1  64
1   83  109  115  325
1    6   45  108  109
1    6   24  382  384
1   11   49   93   95  254
1  100
1    5   37  150  180  250
1    5   18  241  242
1  122
1  110  182
1  286
1   23   26  212  213
1   49  185
1   6  44  50  51
1   5   6  15  35  36
1    5   37  165  329  331
1  174  175  211  336
1    5   49  187  481
1   24   44  197  247
1  199
1    5   29   49   93   95  167  169  380
1    6   26  195  414  415
1  89  90  91  92
1   14   19   86  144
1   23   26  147  195
1  276
1   57   86  105  132
1  289
1  252  371  470
1    5   29  381  471  472
1   29  380  391  477
1   5  23  33  37  85
1    1    5   18  154
1    6   10   24  209  384
1    5    6   23   24   26  258  312
1    4    5    6    8  109  325
1  260
1  71
1  258
1   23   26  165  390
1    5    6    7  367
1    4    8   40   49  319
1   15   25   29  169
1  273
1  298
1    5    6   37  204  246
1    4    5    8   60  126
1    5   93   95  317  318
1   29  171  389  473
1    5    6   15   16   31  127
1  269
1   40  105  132  385
1  21
1   6  89  96  97
1    4    5    6    8    9  367
1  207  252  308  455
1    5    6   49  371  372
1    5   47   71  104  105
1    5   18  245  249
1  301
1    5  136  442  443
1    5   23   37   38   60  116  117
1   83  109  458  459
1    5   18  284  412
1    6  139  160  252  371
1   23   26  194  195
1   24  208  229
1    5   23   26  445  461
1    5    6   23   24   26  121  122
1    5   93   95  112  113
1  270
1    5    6  176  177  178
1    5    6   15   16  211  319
1  284
1    6   45  202  316
1    5   49   70  114
1    5    6  235  395
1    6   27  472  477
1    5   15   16   49  168  169
1    5   49  418  419
1    5   18  160  297
1  12  13
1   83  109  154  432
1  321  337
1    5    6   76  401
1  297
1   15   16   75  368
1  159  331
1   5  18  44  46
1    5   93   95  376  377
1   5  16  22  23  24  25  26
1   23   26   60  120
1   6  40  45  84  85  88
1   5  23  24  26  58  60  81
1    5    6   49  175  186  187
1  283
1    5   93   95  164  326
1   37   53  352  452
1    6   44  399  400
1    5   37  135  150  176  436  437
1  305  309  310
1    5   49  360  420
1   5   8  23  26  95
1   34  433  453
1   83  109  429  446
1    5   23   26  368  369
1    5   18   88  199
1    5    6   37  236  237
1   6  63  77
1    6  460  465
1    5   23   26  245  246
1    5    6   23   24   26  135  190
1    5   23   24   26  155  334  344
1  287
1    5   18  248  299
1   5   6  24  37
1   45  280
1    5   47   71  416  417
1   37  232  233  234
1  37  43  53  63
1    5   29   30   49  168  169
1   5  18  27  39
1  227
1    5   23   26  179  180
1  252  305
1    5    6   23   24   26  140  272
1   72   73  226
1  271
1    6   51  353  354
1    5    6   23   24   26  141  302
1    6   23   24   37   47  158
1   24  183  209  445
1    5   23   38   53  438
1    4    5    8  305  324
1   57   86  261  293
1    5   23   26  243  466
1  13
1  200  201
1   37   53  223  418
1    9   83  109  210
1    5    6   29   49   93   95  167  168  169
1   23   26   61  341
1  322  323
1   4   5   6   8  40  45  89
1  66  67
1  275
1    5   23   26  362  363
1    5   22  359
1    5   23   26  400  402
1    5   18   94  256
1   6  49  83  84  85  86
1  263
1    5    6  124  224
1    5   18   86  293
1    6   15  144  214  459
1   5  47  48  49
1    5   49   83  421  422
1  176  179  395
1    5   18  148  295
1    5   18   40  290
1  302
1    2    5    6   23   24   26  162
1    5  176  383  388  397
1  23  26  27  28
1    5   18  275  393
1    5   73   74   86  462
1  385  393
1  2
1  3
1  107  372
1  265
1    5   18  262  330
1    5    6  322  365
1    6   41  217  221
1    5    6   45   86  462  463
1  303
1    5   37  159  165  332
1    5   36   55  414  415  427
1  15  16  23  27  37  38
1    6  193  406  414  415
1    5   89  129  134  135
1  278
1  109  345
1  23  26  61  62
1   24  439  451  452
1    5   23   26  423  436
1    5   18  282  408
1  270  359
1   37  219  360  361
1    5   18  301  484
1    4    5    8  366  367
1   5  18  50  52
1  279
1   43  273
1  293
1   23   26  204  405
1   23   26  152  406
1    5   23   24   26  202  334  335
1    4    5    6    8  109  326
1    5    6   40  119  215
1  300
1   37   53  248  419
1    5    6   45  152  204
1  291
1    5   24   61  348  374
1    5   93   95  414  415
1  79  81
1  327  332
1    5    6   29   49   93   95  168  169  171
1    5   93   95  327  328
1    5   18  278  319
1  290
1   5  24  56  60  61  62  63
1    5    6   29   49   93   95  168  169  170
1    5   23   24   26   80  444
1  374  375
1  294
1   24  209  391  478
1    5    6   23   24   26  149  294
1    5   24  115  117  125
1    5   23   26  177  198
1    5   86  135  396  462
1    5    6   23   24   26  281  407
1   5   6  22  49
1   5  18  82  83
1    5   37   49   53  409  410
1  272
1   6  68  69  70
1    5   48   68  138  399
1   69  300
1   24   43  247  450
1    5   18   60  128
1   5  23  26  54  55
1    5   93   95  119  368
1    6   78  139  155  340
1   5  20  93  94  95
1    5   93   95  228  461
1   15   16  139  189
1   5   6  18  23  24  26
1   83  109  143  441
1    4    5    8  327  328
1    4    5    8  429  430
1   23   37   38  109  346  347
1  175  286
1  256
1    5   18  109  265
1    6  271
1  292
1    5   18  191  192
1  39
1    5    6   76   78  202
1  261
1   24  353  354  439
1    5    6   23   24   26  161  274
1    5   23   37   38  123  239  423
1   23   26  150  193
1  18
1    5   45   63   93   95  341
1  277
1    5   23   37  129  130
1    5   18  267  353
1    4    5    6    8  220  336
1   93   95  340  401
1  14  15  16
1   23   26  434  435
1   11  455
1    5   76   78  334  335
1   23   26  246  405
1    5  139  156  176  178
1   24  110  183
1    5  108  109  158  230
1    5   37  150  177  178
1    5   18   93   95  105  132
1    4    5    6    8  232  235
1   15   23   37   38  111  181
1   5   6  43  44  45
1  281
1    5    6   49  182  432
1   83  109  161  373
1  268
1  305  306  307
1    4    5    6    8   15   16   23   24   26   37   38   60   62   68   85   89   93   95  105  108  109  114  121  129  135  136  137  138  139  140  141  142  143  144  145  146  147  148  149  150  151  152  153  154  155  156  157  158  159  160  161  162  163  164  165  166
1  241
1   5   6  45  49  69
1  288
1  202  260
1  88  89
1  257
1  296
1  105  132  223  224
1    5   47   71  172  173
1    6   24  304  308
1    5   49  142  200
1   37   53  106  107
1   24  247  354  448
1  82
1    6  404  412  414  415
1    5   15   49   89   98  111
1  266
1    5   40  106  108  109  110
1  37  38  44  53
1    5   24   60  124  125
1   33   78  243  246  314  340
1  252  304  305
1    5   93   95  105  132
1   5  40  41  42
1  262
1   40   45  139
1  4  5  6  7  8  9
1   83  109  141  398
1    5   78   93   95  216
1    5   23   24   26  345  476  479
1  105  127  132  319
1  45  57  60
1  308  375
1  118
1    5    6   45   83   93   95  109
1    6   45   60  121
1  252  438  455  456
1  274
1    5   49  109  343
1    6   24  242  447
1  280
1    5   18  196  197
1    6   24  222  236
1    5   93   95  250  251
1    5   23   24   26   89  479  480
1  283  404
1  350  456
1    5    6   23   24   26  164  289
1  15  16  24  28
1   29  381  473  474
1   5  22  23  24  26  79  80
1    5   23   26  350  351
1    5   93   95  239  240
1    5   27   75  135  396
1   57  114  116
1  247  440
1  92
1    5    6   62  202  237
1    5    6   23   24   26   31  257  259  313
1   6  44  71  72
1    5    8   23   37  408
1    5   18   57  261
1    5    6   29   49   93   95  168  169  172
