1   57  114  116
1   24  439  451  452
1   89  356  357  358
1    6   24  112  433
1    5   37  165  320  391
1  292
1  252  371  470
1    5   18  223  288
1   5  18  50  52
1  300
1   5   8  23  26  95
1    5    6   23   24   26  281  407
1    6   24  139  446
1  71
1    6   61  212  414  415
1  92
1   40  210  211
1  264
1  3
1   5   6  43  44  45
1    6   45   60  121
1  308  327
1    5   23   24   26   49   99  134
1    6   24  203  433  453
1   5  18  27  39
1    5   76   78  334  335
1  196
1    5    6   23   24   26  108  109  335  444
1   14   19   86  144
1   93   95  340  401
1  118
1  278
1  128
1  286
1    5   18   60  128
1  301
1  291
1    5   15   16   33   40   49  314
1  289
1   37  219  360  361
1   83  109  141  398
1  108  109  308  337
1    5   37  165  321  474
1    5   18  143  298
1  39
1   6  40  45  84  85  88
1    6  253  254
1   24   44  197  247
1    5   29  381  471  472
1   3   5  18  24
1    5   18   57  261
1  1
1   5  23  24  26  87  88
1   37   53  341  354
1    5    6   23   24   26  145  276
1    5    6   45   83   93   95  109
1   5  18  44  46
1  255  430
1    6   57  319
1    6  271
1    6   78  240  340  398
1   83  109  429  446
1    5   23   26  245  246
1   5  47  48  49
1  151  153  184
1   4   5   6   8  40  45  89
1  4  5  6  7  8  9
1    4    5    6    8   63  352
1    5    6   76   78  202
1   40  370  421  422  460
1    5   23   26  327  342
1   6  63  77
1    5    6   29   49   93   95  167  168  169
1    5    6   40   45  106  110
1   5  18  89  90
1   5  16  22  23  24  25  26
1    6  338  348
1    6   26  195  414  415
1   24   43  439  449
1  247  440
1    5   47   71  104  105
1    5   23   38   53  438
1  263
1   24   44   50  439
1   37  233  234  355
1   23   26  147  195
1    6  231  394
1   5  18  82  83
1    6  228  229
1    6   15  144  214  459
1   37   53  223  418
1   23   37   38  109  346  347
1  32  49  83  93  95
1    5   23   24   26   45  108  109
1  259
1  79  81
1    5   18  284  412
1    6   41  217  221
1   11  455
1  15  16  29  30
1    5   23   26  368  369
1  273
1  207  252  308  456
1  88  89
1    5   23   26  362  363
1   23   26  434  435
1  257
1  90
1  283
1  21
1    5   93   95  214  215
1    5    6   15   16  211  319
1    5   24   61  348  374
1    5   18  109  265
1    5   23   35   37  238
1    5   23   37   38  123  239  423
1    5    6   29   49   93   95  168  169  171
1  0
1   45  280
1  59  76  77  78
1   23   26  246  405
1   26   61   67  146  159  331  339  390  391  392
1    5   18  164  289
1    5   23   26  179  180
1    5   11  202  203
1  266
1    5   93   95  228  461
1    5   18  142  277
1  37  38  44  53
1    5   15   16  320  321
1   47   98   99  100
1    6  390  405  414  415
1    5   23   26  445  461
1    5   18  241  242
1  283  404
1    5   24   60  124  125
1  262
1  17
1    5    6   74   93   95  427
1    6   27  472  477
1    5   23   26  350  351
1    6   49  359
1   5   6  15  35  36
1    5    6   23   24   26  292  457
1  419  424  425  426
1    5    6   40  119  215
1    5  220  221  222
1  89  90  91  92
1    5   18  284  412
1    5   37  150  180  250
1    5   23   24   26   89  479  480
1    6   24  126  305  410
1    5   47   71  172  173
1  270
1    5   24  115  117  125
1  37  43  53  63
1  190
1    6   24  207  208  209
1    5   18  296  466
1  284
1    5  162  311  312
1    5    6   49  371  372
1    5   49  156  163
1   23   24   26   76   78  202
1    5  174  175  188
1    5   23   24   26  109  216  217
1  270  359
1    5   23   24   26   87  425  475
1  438  439
1    6   23   24   37   54   61   62  457
1    5   18  205  206
1    5    6   49  175  186  187
1  202  260
1    6  175  186  311
1    5    6    7  367
1   23   26  157  244
1    5    6   23   24   26  149  294
1  268  354
1   37   41  217  315
1  267
1  199
1    5   35   49  437
1    5   37  150  177  178
1   5  20  40  49
1    5    6   76  401
1    5   93   95  164  326
1    0  181
1   23   26  176  193
1    5   23   24   26  200  475  476
1    5   37  165  329  331
1    6  209  255
1    6  139  160  470
1  57  58  59
1    9   83  109  210
1   5   6  45  49  69
1    5   93   95  239  240
1  20  21
1    6   45  202  316
1   23   26  150  193
1   6  68  69  70
1    5   22  359
1   24  208  229
1    5   18  262  330
1    2    5    6   23   24   26  162
1    6   12   45  103
1    5   93   95  317  318
1    5   23   24   26  155  334  344
1    5   86  135  396  462
1    4    5    6    8  109  325
1  207  252  308  455
1    6   24  242  447
1  252  304  305
1    5    6   23   24   26  121  122
1  249
1    6  460  465
1  256
1    5    6   23   24   26  108  264
1    5    6   23   24   26  140  272
1    6   24  151  431
1   24  245  247  248
1   29  381  473  474
1   83  109  161  373
1   5  17  18  19
1   69  300
1    5    6   23   24   26  135  190
1  290
1   6  24  36  38
1  269
1    5    6   45  150  165
1    5   15   23   26  238
1    5  136  442  443
1    5   29   49   93   95  167  169  380
1   5  20  93  94  95
1    5   18  114  118
1   83  109  458  459
1    6   69  114  115
1    5   29   49   93   95  169  170  381
1    4    5    8  429  430
1  252  438  455  456
1  302
1    5   93   95  378  379
1   5  40  41  42
1    5    6   37  204  246
1   23   26  390  419
1   5  24  56  60  61  62  63
1    5    6  254  328
1    5   93   95  478  480
1  374  375
1    5   93   95  105  132
1    5   49  142  200
1   6  49  83  84  85  86
1    4    5    8  327  328
1   45  148  463
1    5   18   86  293
1  2
1    1    5   18  154
1   24  247  354  448
1  109  345
1    5   49  187  481
1    5    6   22   23   24   26  108  109  125
1    5    6   23   24   26  258  312
1    5    6   23   37   38  108  109  341  352
1    5   18  115  287
1   23   26   61  341
1  294
1   15   25   29  169
1    5    6  322  365
1    6   24  382  384
1    6   42   45  110
1    4    5    6    8    9  367
1    5   18  105  132  269
1  110  182
1    5   23   24   26  345  476  479
1  285  411
1    5   37   49  104  218  219
1  82
1    5   23   24   26   45  150  165
1    5   23   26  400  402
1    6   45  101  102
1  277
1   5  23  33  37  85
1    5   93   95  338  339
1  241
1  293
1    5   23   26  329  330
1    5   18  245  249
1  18
1   57   86  261  293
1    5   18  301  484
1   15   16   75  368
1    6   45  364  365
1    5  390  391  426  443
1  327  332
1    5   73   74   86  462
1    6   45  108  109
1  191
1   49  185
1  66  67
1  281
1    5   93   95  250  251
1  10  11
1    5   15   49   89   98  111
1   24  183  209  445
1    6   44  399  400
1    5    6  387  419  471
1    4    5    6    8  109  326
1    5    6   23   24   26  141  302
1   33   78  243  246  314  340
1  175  286
1  110  370
1    5   49   60  123
1  288
1   43  273
1   83  109  143  441
1    4    8   40   49  319
1    4    8   49  182  441
1  265
1  285
1  287
1    5  108  109  158  230
1    6  193  406  414  415
1    5   36   55  414  415  427
1   6  44  50  51
1   23   26  166  212
1    5   18  282  408
1   24  110  183
1    6  226  227
1    5  387  388  389  390
1    5   93   95  414  415
1  64  65
1   11  438
1    5   18  267  353
1  23  26  27  28
1    5   84   85  164  326
1    4    5    6    8  232  235
1  258
1    5   93   95  323  346  347
1    6   24  148  369
1   40   45  139
1    5   23   24   26   80  444
1   37  232  233  234
1    5   23   26   66  454
1    5    6  325  326
1    6  404  412  414  415
1  159  331
1   34  433  453
1    5   18   40  290
1    4    5    8  137  340
1  305  306  307
1  296
1   5  23  26  54  55
1   24  353  354  439
1    5   48  138  399  464
1    5   23   37  403  409
