1  196  368
1  18  19  20
1  220  241  308  319
1    6    8   10   19   63   74  236  237  333  534
1    6    8   10   19   49  149  185
1    8   10   19   49  309  323
1    6    8   10   19   93   95  121
1   63   74  154  155
1  344
1   34   35  279  531
1    8   39   64  393  514  516
1    6   49   54   57  248  249
1    6    8   10   19   63  186  187
1    6   37   38   63  279  503
1    6   17  136  137
1    6    8   64  285  295
1    6   38   43   46   49  236  237
1    6   24   26   33   63  594
1    6  105  106  247  249
1    6    8   39   64   95  155  156
1  136  137  186  187
1    6    8   10   19   63  230  233  234
1    6   39  100  253  402
1    6  199  200  201  202
1   6  11  12  13  14
1    6   49   63  236  237  394  395
1    6   11   12   39  508
1   6   8  10  64  84
1   34   35   72  213  288
1  571  581
1    6   54   57  373  622
1    6    8   77   85  190
1    6   39  203  205  207
1    6    8   10   19   63  197  198
1    6   63  289  290
1   27   37   38  256
1    6    8   10   19   34   63   72  119  166
1   19   30   63  483
1  265
1    6  117  118  416  417
1    6   39   90  535  537
1    6  144  269  270
1   39  108  457  458
1    6    8   10   19   34   63   72  373  374  375
1   24   26   49  225  318
1    6   17  306  359
1    6   74  105  106  266  268
1    6  105  106  598  599
1    6   24   26   63  143  144
1    8   39   64  530  615  616
1   63  114  115
1  271  283  329  429
1  350
1    6    8   10   19   34   63  548
1    6   63  165  286
1    6   63   74  272  273
1    6   24   26  167  400
1  32  33  34  35
1    6   39   49   90  537  543
1   19  251  331  332
1  21  22  23
1   77  125  577
1    6    8   10   19  416  428  435
1   6   8  10  17  19  63
1   24   26  429  526
1  349
1   39   90  444  449
1   6  49  52  53
1    1    6    8   10   19   63  600
1    8   39  212  213
1    8   10  205  260
1    6    8   10   19   63  372  627
1   46   63   74  220  514
1  36  37  38
1    6   35   37   38   63  464
1  405  412
1    6  105  106  159  482
1  113  351
1  333  349
1   19   63  315  328
1    6   24   26   67  556
1    6    8   19   39   48   64  334
1    8   39   64  470  473  474
1    6  117  118  392  393
1    6   19   66  105  106  305
1    6   54   57  452  459
1  2
1   6  24  25  26  27  28  29
1    6   37   38   63  127  128
1    6  551  552  553  554  555
1    6    8   10  109  480
1   8  10  44  45
1    0    6   17  592
1   19   63  270  315  579
1  321
1  213  288  411  412
1    6  105  106  170  171
1    6   51  107  112  113
1   35   49   59  105  106
1    6    8   10   19   63  340  391
1    8   38   39   64  493  496
1   14   63  539  551  554
1  150  488
1    8   10   97  546
1   8  10  19  38  42  43
1    6   19   63  272  540
1    6    8   10   19   63  367  614
1    6    8   10   19   34   63   72  205  253
1   6  24  26  34  35  63  74
1    6   63  291  292
1    6   37   38   48   49  236  237
1    6   24   26  326  327
1    6   19  109  110  111
1  359
1    8   63   81  551  554
1    6   49  500  505
1    6   63   97  100  618
1  365
1   8  10  66  67
1    6    8   10   19   63  264  265
1   8  10  80  82
1  39  75  90  96
1    6  172  200  201  209
1    6   24   26   63  470  471
1    6  105  106  419  445
1    6   24   26  240  583
1   34   35  281  490
1    6   49  546  547
1   6  12  14  19  63
1    8   10  271  540
1    6   17  354  475
1    6   54   57  245  246
1   3   6   8  10  19  63
1    8   38   39   64  481  499
1   19   63  384  387
1    6   24   26  376  377
1    8   10   97  253
1  100  617
1    6   24   26   63   74  544
1  219  220
1   39  199  274  275
1   63  124  586
1   6   8  10  19  63
1    6    8   10  573  589
1    6    8   39  322  564
1    6   29   39  200  205  562  565
1   63  102  103  104
1   7  19  63  67
1   29   48   63   74  113
1    6   49  266  267
1    6   28   49  131
1    6  213  288  382  383
1  10  39  64  77
1    8   39   64   95  168  169
1    8   39   64  428  441  442
1    6  105  106  324  325
1  146  385  386
1    6    8   39  536  537
1    8   10   17   19   63  354  475
1    6    8   77   89  192
1   63  297  298
1    8   10   42  563
1   6   7   8   9  10
1    6   49  104  545
1    6   38   49  129  133  147
1   6  17  52  65
1  369
1    6   24   26  576  590
1    6   37   38  401  402
1    6    8   10   19   63  230  231
1    5    6    8   10   19   63  527
1    6   18   24   26  302
1   54   57  244  245
1  175  263
1  80  81  82
1  305  572  582  595
1    6   63  293  294
1    6  105  106  446  447
1   63  122  216
1  387  512
1  190  195  196
1   63  430  431
1   37   38  112  482
1    6   24   26   63  415  621
1   49  229
1    6    8   39  178  179
1    8   27   39   64  584  585
1  219
1  213  288  296  453
1    6   97   98   99  100
1  314
1    6  105  106  213  288
1   8  10  64
1    6   24   26  146  199
1   63   74   95  163
1    6   39  253  405  415
1  387  412
1    6   49  469  470
1    6   24   26  302  303
1    6    8   10   19   63  358  518
1    2    6   17  606
1    6    8   10   19   63  192  193
1    6   39   63  327  448
1   19   63  145  146
1    6    8   10   19   63  197  198
1    6    8   10   19   34  238  451
1   39   87   90  450
1   39  309  310  311
1   39   90  150  151
1  354
1    6   63   74  105  106  544
1   6  48  49  53
1   63  501  502
1    6   21  535  537  542
1    6  238  394  395  396
1   54  147  148  149
1  19  23  62  63
1   74  241  306  308
1    6    8   10  482  483
1  371
1  213  286  287  288
1  213  239  288  382
1   39  275  309  398
1    6   39   63  173  567
1   34   35  504  505
1  255
1   34   35   48  133
1    8   10   97  546
1    6    8   24   39   64   74  536
1   6   8  10  17  19  63
1  19  37  38  50
1    6   17  353  493
1    6   17  321  552
1    6    8   10   19   34  283  284
1   63   96  116
1  146  305  384
1   15   39  284  295
1    6    8   19   48   63   64  334
1   19   63  557  558
1   24   26   48   49  400
1  183
1    6  107  117  514  515
1  353
1  335
1    6    8   10   19  110  119  120
1   37   63  129  130  131
1   22  369
1    8   39   64  528  559  560
1   6  15  16  17
1  63  71  85  86
1   12   63  532  551  554
1  367
1    6   38   49  236  237  318  499
1    6   24   26  233  254
1    8   10  262  273
1    6   37   38   58   63  167
1  348
1  113  179  184  185
1  187
1    6    8   10   19   34   63   72  417  566
1  355
1   39  206  274  275
1    8   29   39   64  257  258
1   6  19  63  81  82
1   6  19  39  63
1    6   24   26  408  527
1    6    8   10   19   63  347  439
1  345
1    6  105  106  326  327
1  248  250
1    8   10  480  561
1    6    8   10   31  232
1    6  105  106  407  436  437
1   74  104  484
1   24   26   49  131  218
1   19   63  575  576
1  198
1    6   63  406  476
1   6  12  14  19  92  95  96
1  377  378
1   63  253  272  551  554
1    6   49  227  228
1   6  12  39  40  41
1    6    8   24   39  541
1    8   10  532  539
1   19  226  334  573
1   27   63  117  428  429
1   63  241  308  513
1   9  67
1  146  388  389
1   19   63  204  277
1   6  46  47  48  49
1    6   19   63   90  571
1    6   17  371  531
1    6   47  105  106  280
1   63   91  400
1  263
1    6   63   64  212  213
1    8   10  455  456
1    6   19   63  262  273
1    6  105  106  210  463
1   8  10  39  77
1   34   35  556  574
1   39   63  289  448
1    6  188  189  593
1  5
1    9   63  334
1   63   74  476  477
1  111  126  285
1    6   37   38  180  181
1   8  10  14  87
1    6  105  106  298  589
1  69
1    6   34   48   72  151  153
1    8   10  261  262
1    6   54   57  458  459
1    8   10  272  540
1    6   39  467  561  609
1    6   35   38   49  236  237  533
1    6   17  232  241  380  381  465
1   23  315  579
1  348  440
1  241  306  307  308
1   63  350
1  193
1    6   63   87  213  214
1  0
1  10  64  78  79
1    6   10   64  412  430
1  194
1   63  217  218
1   6   8  10  19  34  72  74
1  363
1  3
1   63  418  443
1    6  105  106  277  462
1    6   37   38   49   63  236  237  238  239
1    6   19  155  166  545
1    6   49   70  601
1   63  205  273  551  554
1   34   35  472  485
1  343
1    6    8   10   34   39   63   72  233  250
1   27   63  305  489  529
1   34   35   95  167
1   63  280  281
1   34   72  387  427
1   19  331  607  608
1  221  222
1   39   90  454  455
1   19  153  226
1    8   39   64  531  623  624
1    6   12   14   19   34  420  421
1    6   17  355  504
1    6    8   34   39   63   64   72   87  444
1    6    8   10   19   63  190  191
1    6   49  313  323
1   6  63  74  75  76
1    6   27  177  200  201
1    6  390  587  588
1   6  40  87  88  89
1    6   63  408  409
1   63  128  217
1    6  105  106  268  282
1  364
1    6    8   29   39   49   63   64  133  467  530  604  605
1    6   49  144  317
1    6   38   49  236  237  279  625
1   27   63  529  611
1  362  534
1    6   54   57  300  301
1   63  403  597
1  365  375
1   63  251  572  626
1   8  10  81  82
1  120  121
1    6   49  103  154
1  269  582
1  138
1  230  231
1    6   33   63  105  106  594
1    6   14   19  443  511
1  34  35  60  61
1    6   19   95  165  166
1    6    8   10   19   63  194  195
1   39  309  312  313
1   63  485  487
1    6   24   26  374  376
1   6   8  10  19  34  63  71  72  73
1    8   39   64  154  157  158
1  4
1  65
1    4    6   17  550
1    8   39   64  529  612  613
1  319  320
1   19   63  170  202
1    6   49  564  565
1    6    8   10  478  517
1   12   39  213  214
1    6   19   63  125  126
1   19   63  471  472
1   63  117  279  325  429
1    6   49  460  461
1    6   27  200  203  208
1  511  512
1    6   12   14   19   34  424  425
1    6   17  343  432
1   63  223  586
1    6    8   10   19   34   63   72  433  434
1   30  142  428
1   63  164  470  538
1   8  10  78  79
1  259
1    6   49   63   67  581
1   39  207  274  276
1  180  267
1    6  105  106  167  400
1   24   26   49  127  215
1    6   19   44   60  105  106
1  370
1    8   10  456  457
1    6   49   63  225  498
1   48   63   74  240  241
1   29   63  583  591
1  133  136  137  138
1    6   17  352  490
1    6   29   51  113  256
1  229
1    6    8   10   19   63  264  265
1    6   12   14   19   34  422  423
1  360
1    6   24   26  500  501
1   63  223  224
1   94  116  117  118
1   51   63   98  101
1    6   12   63  144  448
1    6   39  201  205  206
1  213  288  333
1  372
1  235  242
1  401  427
1   6   8  10  19  63
1    6   38  105  106  478  479
1   8  10  50  51
1   6  17  51  69
1    6   39  403  404  405
1    6    8   10   48  334
1    6  199  200  203  204
1    6    8   10   24  105
1  418  419
1   19   63   88  542
1    6   38   49  236  237  495  496
1    6  105  106  139  140
1    8   10   95  160
1  146  305
1   6  34  37  38  45
1   19   63  453  454
1  305  387  595  596
1   63  502  503
1  412  519
1    8   30   39   64  602  603
1   39   90  287  547
1   8  10  12  14
1    6   17   53  132
1    6  105  106  161  177
1    6    8   10   19   74  205  253
1    6    8   10  387  468
1  351
1    8   34   39   64  436  437
1    6   19   24   26   66  305
1  191
1    6    8   10  329  607
1  64  91  92
1    6    7    8   10   19  211
1    5    6   17  527
1   6   8  10  19  41  70  71
1    6   63   74  326  328
1    6    8   34   39   63   64   72   95  163
1   24   26   49  123  224
1    6   19   63  532  539
1  153  225
1    8   34   39   64  433  438
1   34   39   63   72   90  435
1   8  39  83
1    6    7   63  211
1    6   20   24   26  384
1    6   17   29  259
1    6   15   39   49   90  182
1   39  276  309  399
1    6   12   14   19   34  213  422
