1  341
1  113  118  228  231
1  304
1  149  318
1  146  147
1   71  120  121  153  192
1    5  119  120  158  159
1   26   41   69  108  109  120  224
1  92
1  289
1   64  120  121  123
1   26   41  120  212  237
1   64   66  120  257
1  339
1   26   41   48  120  121  224  281
1  136  313
1    8   26   41  120  121  224  268
1   26   41  120  233  234
1   26   41  120  191  198
1   35   41  121  149  224  228
1   17  271
1   74  120  121  153  195
1   72  120  121  154  200
1    0   96  120  158  159  224
1   11   80  121
1   37   41  107  108  113  120  121  228  261
1   44  123  279  304
1   35   36   64  120
1   45   46  120  160  161
1  120  121  224  249  250
1   12   36  120  232  246
1   26   41   59   60  120
1  215
1   37   41   81  107  108  120  121  158  228
1   41   81  120  165  228
1   64   66  120  121  169  230
1   26   41  120  194  201
1  319
1  275
1  121  186  193  224
1  122  303
1   39  121  174  258
1   71  120  121  152  185
1   26   41   75  120  182
1   71  120  121  154  199
1  209
1  127  307
1  273
1  253  254
1  153
1  301
1  206
1   50   62   71  120  206
1   26   41  120  121  224  241  335
1   94  292
1   37   41   65  171  172  228
1  316
1   90  290
1  121  185  192  224
1   26   41   47  121  224  280  301
1  120  121  158  159  253  255
1   94  121  144
1   37   41   65  125  225  228
1   46   63   90  120  121  160  161  169  222
1   83   87   96  262
1   86   87  121  224
1   26   41  120  195  202
1  272
1   51   68  120  177  228
1   82  288
1    4   26   41  120  121  224  266
1   50   62   74  120  209
1  217
1   61  123  283  304
1   65   67  225  226
1   26   41   72  120  179
1  125  306
1  106  119  120  160  161
1  325
1   26   41  120  164  165
1   50   62   70  120  205
1   26   41  120  166  242
1  120  121  138  141  207
1   64  144  160  161  238
1   24   37  228  231
1  310
1  120  158  159
1   26   41  120  220  238
1   93  291
1  309
1   22   23  121  224
1    6   29   35   82  120
1   87  103  121  163
1   73  120  121  154  201
1  121  152  153  224
1  120  158  159  263  264
1  208
1   26   41   91  120  241
1  239  240
1   32   65  172  178
1  321
1   63  284
1  131  308
1    2   79   92  120  169
1  224  329
1  121  302
1  334
1  121  122  163  169  233  236
1    3  121  220
1  120  121  224  228
1  135  312
1  116  120  121  133  137
1   33   65  172  180
1   26   41   99  100  120
1  115  116  121  122
1   34   65  182  225
1   90  120  222  229
1   28  275
1   20   21   26   41  120
1   0   7  26  41
1  121  184  191  224
1  269
1  313
1   34   65  172  183
1  266
1   26   41  111  112  120
1  120  121  143  171  211
1   91  121  224  241
1  122  169  212  236
1  296
1   31  156  276  319
1  121  126  163  227
1   76  121  183  224
1   95  100  253  254
1   61  132  283  309
1   74  120  121  154  202
1   51   62  120  130  198
1  121  122  169
1   93  120  158  159  245
1   84  289
1  267
1   72  120  121  152  186
1   26   41  120  197  204
1   34   65  112  139
1  43
1   50   62   73  120  208
1  213
1  121  150  151  224
1  175  176  228  231
1   10   12   24  224
1  120  163  301  322
1   26   41   84   85  120
1  127  131  224  239
1  292
1  151
1   65   67  172  173
1   26   41   71  120  178
1  297
1  332
1    8  121  122  169  235
1   26   41  250  251
1  121  212  224  237
1   27  120  121  160  162
1   74  121  181  224
1  145  316
1   20   22  238
1  320
1   12   36  120  246  247
1   58   62   72  120  215
1  270
1   26   41  107  108  120  163  224
1   26   41  120  196  203
1   73  120  121  153  194
1  3  7
1  248  338
1  249  339
1   41  120  158  166  228
1   13   26   41  108  120  121  224
1   37  120  121  129  163
1  26  37  41
1   54   62  120  130  201
1  303
1  111  299
1  293
1   16  120  270  301
1   98  154
1  102  294
1   75  120  121  152  189
1   26   41   70  120  177
1   28   29   35  120  148
1  121  196  203  224
1   16   19  103  121
1   26   41  120  145  147
1  120  121  125  143  210
1  336
1  121  191  198  224
1  331
1  113  120  129  160  161  163
1   26   41  120  192  199
1  286
1   26   41  120  189  196
1   59  156  282  319
1  311
1  120  133  301  310
1  232  330
1  243  262
1  326
1  207
1   70  120  121  153  191
1  291
1  100  120  228  254  260
1   69  286
1  240  243
1   56   68  120  182  228
1  121  187  194  224
1  120  157  164  224  239
1   26   41  120  121  132  156  224  309  319
1   37   48  120  121
1   97  120  121  125  141
1   32   65  177  225
1   72  121  179  224
1   18   19   26   41  120
1   26   41  120  121  224  241  335
1  318
1   30  108  221  223
1  115  116  120  160  161
1  328
1  338
1  26  41  49  68
1   37   41  120  248  250
1  120  238  301  334
1   26   41  109  110  116  120  224
1  171  326
1    6   26   41  120  121  224  267
1   58   62   71  120  214
1  120  301
1  169  325
1   26   41  115  120  121  224  300
1   26   41  102  103  120
1   26   41   98  105  120
1   26   41   86   87  120
1  300
1    0    1  120
1   26   41  252  260
1   24   25  224  239
1  268
1  324
1  276
1   75  120  121  154  203
1  330
1   55   62  120  130  202
1  121  224  235  236
1   50   60   68  120  228
1   55   68  120  181  228
1  120  121  142  171  208
1    1    7  121  224
1  157  320
1   70  120  121  154  198
1   44   45  120  252  255
1   40   78  115  116
1   37   41   65  138  139  228
1  322
1   26   41  120  158  160
1   76  120  121  154  204
1   64  285
1  120  121  141  171  206
1   70  120  121  152  184
1  329
1   75  120  121  153  196
