1    6   38   49  236  237  318  499
1   19   63  209  519
1   39  309  311  398
1  359
1  196  368
1   24   26   49  127  215
1   39  182  295  296
1   63   74  154  155
1    6   63  383  396
1   6  49  52  53
1    6   17  337  481
1  342
1    9   63  334
1    8   10  272  540
1    8   39  212  213
1    6  105  106  213  288  309  310
1  343
1   19   63  204  277
1    6   17  355  504
1   6  15  16  17
1   6  11  12  13  14
1   27   63  117  428  429
1  305  489  611
1    8   10  532  539
1   39  199  274  275
1   8  10  19  38  42  43
1   34   35  318  530
1    6  105  106  407  436  437
1  146  385  386
1   63  567  568
1    6   17  236  237  333
1    6   17  306  359
1    6  334  552  575
1    6   19   63  205  260
1   6  32  34  49
1    8   39   64  470  473  474
1   8  38  39  42  43  64
1    6   39   49   90  537  543
1    6    8   10   19   63  365  375
1    6   63   64  212  213
1   39  207  274  276
1   6  40  87  88  89
1    6  105  106  247  249
1    8   39   64  428  441  442
1   19   30   63  483
1  213  239  288  382
1   19   63  384  387
1    6   63  291  292
1   8  10  64
1   14   63  539  551  554
1  64  91  92
1  265
1  351
1    6    8   39   64   95  155  156
1    6   54   57   63  142  246  247
1   19   63  471  472
1    6    8   10   19   63  192  193
1  248  250
1    6   19   63  330  404
1  365  375
1  259
1  387  512
1   63  241  308  513
1   19   63  146  543  578
1    6   34   35   63   74  105  106
1   6  19  39  63
1   39   90  444  449
1  372
1    6    8   10   19   34  283  284
1    6   63  118  526
1  146  388  389
1    6    8   10   19   63  136  137  354  475
1    6   33   63  105  106  594
1   34   35   95  167
1  153  225
1  102  370
1   6  48  49  53
1    6   19   24   26   66  305
1  105  106  283  397
1  221  222
1  414  415
1    6   35   37   38   63  464
1  113  351
1    6   24   26  213  288  309  310
1   19   63  315  328
1    6   17  307  314
1   34   35  504  505
1  305  572  582  595
1    6   37   38  180  181
1    6   49   63  235  236  237
1    6    8   10   19   63   74  236  237  333  534
1    6  105  106  551  554
1  406  407
1    6   49  227  228
1    6    8   77   85  190
1    6  238  394  395  396
1    6   24   26  167  400
1    6    8   10   19   63  518  522  523
1  136  137  345  428
1    6    8   10  466  467
1  65
1    6   37   38   63  279  503
1    8   34   39   64  433  438
1   24   26   49  123  224
1  17  19  39  63
1   63   74  476  477
1  159  303  304  305
1   6   8  10  17  19  63
1    6   39   63  327  448
1    6   87  316  420  508
1  113  179  184  185
1  4
1    6   24   26   51   63  142
1   6  12  39  40  41
1    6   39  253  413  414
1  150  488
1  34  35  60  61
1  387  412
1    6   49   63  236  237  394  395
1    6   24   26  326  327
1    6   49  590  591
1    6   17   34  344
1    6    8   10  482  483
1    6   24   26   63   96  444
1   6  24  25  26  27  28  29
1    6    8   10   19   63  372  627
1   63  253  272  551  554
1    6    8   10   19   34   63  548
1    6   39  467  561  609
1    6   49   63  119
1    6   19   66  105  106  305
1   19   63  557  558
1    8   10   34  410
1   27   63  529  611
1    6   35   37   38  124
1  193
1  241  306  307  308
1   8  10  14  87
1    8   10   95  160
1    6   49   63   67  581
1    8   39   64  531  623  624
1    6  105  106  117  283
1    6   37   38   63  122  123
1  133  136  137  138
1    8   10  205  260
1   63  217  218
1    6    8   10   19   63  186  187
1    6   49  500  505
1   39  108  457  458
1   63  223  586
1    6    8   24   34   39   63   64   72  536
1   37   63  129  130  131
1   19  226  334  573
1   6  13  24  26  48
1   19  251  331  332
1   48   63   74  240  241
1    6   51  107  112  113
1    6   37   38  401  402
1    6   19   63  272  540
1    6   17  352  490
1   63  102  103  104
1    6    8   10   19   74  205  253
1    6   12   14   19   34  213  422
1   24   26   49  225  318
1    6   48   63  159  282
1    6   24   26  576  590
1    8   30   39   64  602  603
1   6   8  10  17  19  63
1    6   49  144  317
1  219
1   19   63  145  146
1    6    8   10   19   63  230  231
1    6  105  106  326  327
1    6   63  165  286
1   19  405  431
1    6    8   10   19   34   63   72  433  434
1    5    6   17  527
1  3
1   63   96  116
1   39  309  312  399
1    6  144  269  270
1    6   63  406  476
1    6   63   74  261  271
1  412  519
1  132
1    6   12   14   19   34  213  421
1    6   17  353  493
1  191
1    8   38   39   64  497  549
1    6   17  321  552
1   34   45   61  545
1    6   35   38   49  236  237  533
1  319  320
1  221
1    6   63  293  294
1   63  350
1    6  105  106  210  463
1    6   97   98   99  100
1    6   24   26  576  590
1   24   26  429  526
1    6  117  118  416  417
1   39   63  289  448
1   34   35  279  531
1   29   48   63   74  113
1   19   27   63  574
1    6  107  117  514  515
1    8   39   64  528  559  560
1  136
1    6   29   39  200  205  562  565
1  341
1   8  10  50  51
1   6  17  52  65
1    8   39   90  173
1    6   39  201  205  206
1   39  309  312  313
1    6  105  106  170  171
1    8   29   39   64  257  258
1    6    8   10   31  232
1  597  598
1   6  24  26  34  35  63  74
1    6   49  564  565
1  371
1    6   12   14   19   34  420  421
1  357
1    6    8   10  387  468
1    6    8   10   19   34   63   72  205  253
1    6   37   38   48   49  236  237
1  354
1    6   12   14   19   34  422  423
1   63  215  216
1   12   39  213  214
1    6   24   26   63  470  471
1    6  105  106  139  140
1  21  22  23
1   6  34  37  38  45
1    8   39   64  527  569  570
1    6  105  106  619  620
1    6  390  587  588
1    6   17  354  475
1  136  137  238  239  241  308
1    6    8   39   64  164  324  550
1    6    8   10  109  480
1    6    8   24   39  541
1  418  419
1    6   12   14   19   34  425  426
1   34   35  498  528
1    6    8   10   19   63  264  265
1  10  64  78  79
1  263
1    8   10   42  563
1   8  10  12  14
1    6   24   26   35  108
1    6  105  106  167  400
1    6   14   19  443  511
1    6   19   95  165  166
1    6    8   10   19   49  149  185
1   23  315  579
1    8   39   64  530  615  616
1    8   34   39   64  436  437
1  271  283  329  429
1    6   24   26  500  501
1    6   17  341  397
1  184  255
1    6   17   23  152
1    6   24   26  408  527
1   6  63  74  75  76
1   3   6   8  10  19  63
1   6   8  10  19  34  72  74
1    6   54   57  245  246
1  340
1    6   19   63  125  126
1    6    8   10   19   63  339  390
1    6    7   63  211
1    6   19   24   26  409  410
1  194
1   30  142  428
1    6   39  253  405  415
1    6    8   64  285  295
1    6   49   95  164
1   34   35  281  490
1    6    8   10  572  580
1    6   49   63  225  498
1    6   18   24   26  302
1    6   63  174  175  176
1    6   38   49  236  237  495  496
1  360
1  363
1    6   38  105  106  478  479
1   19   63  453  454
1    6   12   14   19   34  423  424
1    6  105  106  141  142
1   57   63   84  107
1    6  199  200  201  202
1  348  440
1   6  12  14  19  92  95  96
1   6   8  10  19  63
1  358
1    6    8   39   64   74   87  444
1    6   28   49  131
1   19   63  575  576
1  486  568
1   74  241  306  308
1   6  17  51  69
1    6  230  243  373
1    8   19   39   54   63  514
1  111  342
1    6   63  378  379
1    6   10   64  384  387
1   34   72  387  427
1   8  10  80  82
1    6   37   38   49   63  236  237  238  239
1   46   63   74  220  514
1   63  164  470  538
1   63  280  281
1    6   63   74  251  252
1  80  81  82
1  39  75  90  96
1    6    8   10   19   63  358  518
1  368
1    6   39   63  173  567
1    6    8   19   39   48   64  334
1    6  172  200  201  209
1    6   19   44   60  105  106
1    6    8   39  536  537
1    6   17  213  288  380  381
1    6    8   34   39   63   64   72   95  163
1    6   19   63   90  571
1    6    8   10  573  589
1  305  387  595  596
1   8  10  78  79
1   24   26   49  144
1    6   21  535  537  542
1   74  364
1    6   39  100  253  402
1   34   35  472  485
1  269  572
1    6  213  288  382  383
1  5
1    6    8   10   19  416  428  435
1    6   49  469  470
1  187
1   19   63  170  202
1  17
1  352
1  190  195  196
1  229
1    6    8   10   19   63  361  521
1    8   38   39   64  493  496
1  344
1   19   63   88  542
1    6    8   73   77  254
1    6  105  106  298  589
1   54   57  244  245
1    6   17  335  336
1  364
1    6    8   10   19   63  367  614
1  366
1    6   17  267  356
1  19  37  38  50
1    6  200  203  209  210
1    6  105  106  161  177
1    6    8   10   19   34   63   72  373  374  375
1  220  241  308  319
1    6   17  366  549
1    8   10  455  456
1   6  17  48  68
1    6   24   26   63  415  621
1    6   19  109  110  111
1   6   8  10  19  63
1    6   54   57  452  459
1  175  263
1   63   91  400
1    6   63   74  449  450
1   63  485  487
1   8  10  66  67
1    6    8   77   89  192
1   6  12  14  19  63
1  305  387  582  596
1    6   24   26  376  377
1    6    8   10  329  607
1    6    8   39  178  179
1  231
1    8   63   81  551  554
1   34   35   72  213  288
1    6   63   87  213  214
1    6   24   26  209  494
1    6   49   70  601
1   49  229
1  219  220
1   39  276  309  399
1  255
1    6    8   10   19   63  230  233  234
1    6   63   97  100  618
1  138
1  370
1  213  288  411  412
1    6   49  266  267
1    6    8   39  322  564
1  1
1    6   17   29  259
1    6    8   10   19   63  197  198
1    6   49   54   57  248  249
1    6   54   57  243  244
1  222  232  308  465
1   6   8  10  70  86
1    6   19   63  262  273
1    6   24   26   67  556
1  362  534
1  180  267
1    6    8   10   19   58   63  338  340  391
1    6    8   10   19   63  360  520
1   63  117  279  325  429
1    6    8   10  600  609
1   9  67
1    6    8   19   48   63   64  334
1   37   38  112  482
1   39  309  310  311
1   63  189  213  288
1    8   10  609  610
1  348
1    8   10  261  262
1  19  23  62  63
1    6    8   10   19   63  197  198
1    6   17   53  132
1    6   24   26  240  583
1   8  10  39  77
1    6  105  106  429  515
1  349
1  353
1    5    6    8   10   19   63  527
1    6    8   24   39   64   74  536
1    6   54   57  458  459
1    6   12   14   19   34  424  425
1   63  477  622
1    8   39   64  133  134  135
1  39  64  76  90
1    6    8   10   19   63  264  265
1    6   34   72   94  486  487
1  401  427
1    6   17  232  241  380  381  465
1   6  46  47  48  49
1  100  617
1    6   49  104  545
1    6   63   74  326  328
1   19   63  270  315  579
1   63  205  273  551  554
1    6    8   10   19  110  119  120
1   63  501  502
1    6   20   24   26  384
1   35   49   59  105  106
1    6   49  546  547
1  36  37  38
1    8   39   64  490  491  492
1   39   90  150  151
1    6   19   63  532  539
1   6   8  10  19  41  70  71
1   6   7   8   9  10
1   63  260  262  551  554
1   63   97  540  551  554
1   19  331  607  608
1   8  10  81  82
1    6   11   12   39  508
1  32  33  34  35
1    0    6   17  592
1    6   17  179  183
1    6  188  189  593
1    6    8   10   24  105
1    6   17  354  475
1    6   24   26  233  254
1    6   39  203  205  207
1    8   10   97  546
1  113  333  552  614
1  146  305
1    6   12   63  144  448
1    6   49  313  323
1    6   63   74  105  106  544
1    6   49  103  154
1    6    8   10   19   63  347  439
1  365
1    6  105  106  159  482
1   8  10  44  45
1    6  105  106  208  460
1   19   76  524  525
1    8   10  456  457
1   34   35  556  574
1    6  199  200  203  204
1    6   53  105  106  278
1  320
1  314
1  0
