1   26   41   74  120  181
1   57   68  120  183  228
1    1    7  121  224
1  339
1   94  292
1   37   41   65  171  172  228
1  120  162  224  239  242
1   84  289
1  149  318
1  121  302
1   53   62  120  130  200
1   17  271
1   26   41   47  121  224  280  301
1   37   41  120  248  250
1   26   41  120  145  147
1   37   41  107  108  113  120  121  228  261
1  267
1  306
1  145  316
1   64  120  174  232
1  121  126  163  227
1  286
1   75  121  182  224
1  113  120  129  160  161  163
1   35   41  121  149  224  228
1  121  189  196  224
1   83   87   96  244
1   44   45  120  252  255
1  288
1  214
1  307
1  270
1  120  157  164  224  239
1  116  120  121  133  137
1  121  152  153  224
1   41   81  120  165  228
1  92
1  320
1  309
1  276
1  120  134  158  159  238
1  253  254
1  237  333
1  317
1   12   36  120  232  246
1   58   62   76  120  219
1   83   87   96  262
1   97  120  121  142  171
1   74  120  121  153  195
1  3  7
1  304
1   31  156  276  319
1  224  329
1   30   64  128  160  161
1   26   41  252  260
1   26   41   98  105  120
1   58   62   72  120  215
1  303
1  121  197  204  224
1   34   65  172  183
1  278
1   37   41   81  107  108  120  121  158  228
1  120  133  301  310
1  308
1   26   41  120  150  152
1  121  122  163  169  233  236
1   50   62   70  120  205
1   54   68  120  180  228
1    6   29   35   82  120
1   55   62  120  130  202
1   24   37  228  231
1   58   68   85  120  228
1   26   41   86   87  120
1  120  121  129  158  159  261
1   96  240  244  262
1  120  121  138  142  209
1  151
1  266
1   75  120  121  153  196
1  301
1  175  176  228  231
1  105  120  160  161  245
1  209
1   16  120  270  301
1   50   60   68  120  228
1   37   48  120  121
1  291
1   14   64  160  161  243
1  313
1   29   35   42   43  120
1   26   41  120  185  192
1  334
1   58   62   75  120  218
1   54   62  120  130  201
1  136  313
1   11   80  121
1  281
1  120  121  125  143  210
1   28  275
1   32   65  139  179
1  310
1  121  196  203  224
1  121  184  191  224
1   64   66  120  257
1  153
1   63  284
1   26   41  120  195  202
1  156  319
1   50   62   72  120  207
1   41   48  228
1   82  288
1  102  294
1  120  163  301  322
1  120  247  301  337
1   61  110  156  283  298  319
1   32   65  177  225
1   26   41  120  121  148  224  317
1   26   41  120  212  237
1   35   36   64  120
1  216
1   26   41   69  108  109  120  224
1  120  238  301  334
1   37   41  120  231  240
1   70  120  121  153  191
1  120  144  158  159  170
1   26   41  107  108  120  163  224
1   26   41   59   60  120
1   53   68  120  179  228
1   26   41  120  235  236
1   91  121  224  241
1   26   41  252  256
1   70  120  121  152  184
1  120  121  138  141  207
1  114  118  224  239
1    9  120  269  301
1  115  116  121  122
1  121  122  169
1  294
1   26   41   48  120  121  224  281
1   40  278
1  275
1  107  156  296  319
1   26   41  120  190  197
1  298
1   64  144  160  161  238
1   16   17  120  121  158  159
1    4  117  228
1  121  150  151  224
1  316
1   26   41  111  112  120
1   26   41  120  121  224  241  335
1   95  100  253  254
1  120  121  224  249  250
1   99  101  120  160  161
1  331
1   50   62   76  120  211
1   58   62   70  120  213
1   26   41  102  103  120
1  121  130  154  224
1    9  120  121  227
1   45   46  120  160  161
1   26   41  120  164  165
1  274
1    6   26   41  120  121  224  267
1   84   85  121  224
1  30
1   64  285
1  26  37  41
1   79   80  121  224
1   26   41  120  121  224  241  335
1   25   37  121  224
1  311
1  327
1  324
1  113  114  121  224
1   71  121  178  224
1   87  103  121  163
1  121  129  131  224
1  284
1   65   67  225  226
1  295
1   74  121  181  224
1   26   41  120  121  167  224  323
1   76  120  121  152  190
1   22  120  272  301
1  305
1   40   78  115  116
1  268
1   24   25  224  239
1  77  96
1  127  307
1  206
1    0   96  120  158  159  224
1   65   67  139  140
1   75  120  121  154  203
1  124  305
1  77  89  96
1   0   7  26  41
1    8  121  122  169  235
1  169  325
1  120  121  142  171  208
1  121  169  229  230
1  162  321
1  211
1   26   41  120  191  198
1   32   65  172  178
1   52   68  120  178  228
1  218
1   74  120  121  152  188
1  314
1   26   41   73  120  180
1  105  295
1   64  120  121  123
1   37   41   65  125  225  228
1   37   88   91  120  121
1   26   41  115  120  121  224  300
1   65   67  225  226
1   69  286
1   27  120  121  160  162
1   98  154
1   76  121  183  224
1   46   63   90  120  121  160  161  169  222
1   50   62   73  120  208
1  215
1  297
1   78  287
1   65   67  172  173
1  271
1  321
1   12   36  120  246  247
1  121  190  197  224
1  120  121  141  171  206
1   26   41  120  194  201
1  26  41  49  68
1  333
1   26   41   84   85  120
1   26   41  104  117
1  95  98
1  235  332
1   59   60  121  224
1    0    1  120
1    3  121  220
1  120  121  143  171  211
1  289
1   71  120  121  153  192
1  121  192  199  224
1  213
1   25   29  121  124
1  120  175  301  327
1  296
1   97  120  121  138  143
1  277
1   28   29   35  120  148
1   37   38   41  120  121
1   58   62   71  120  214
1  120  301
1   26   41  120  166  242
1   37  120  121  129  163
1  120  158  159  263  264
1   59   97  112  120  121
1   26   41  120  193  200
1   26   41  120  262  264
1  121  126  257
1   72  120  121  152  186
1  100  120  228  254  260
1   90  120  222  229
1  292
1   26   41  250  251
1  121  193  200  224
