1   4   7  19
1   5  14
1  14  19
1  0
1   8  13
1   5  14  17
1  13  14
1   1  24
1   7   8  18  19
1   7   8  19  22
1  8
1   8  19
1  13  14  19
1  1  4
1   0   4  17
1   5  12  14  17
1   0  19
1   0  18
1  14  17  20  24
1   0   4   7  21
1   4  13  22
1   4  12  14  17
1   0  13
1   0  18  22
1   4  22
1   8  11  22
1   4   7  12  14
1   0   2  13
1  18  20
1   0   4   6  15
1  12  24
1   0   2   4   7  17  18
1   4   5  17
1   1  19  20
1  14  17  20
1   4   7  14  17  19
1   3  14
1  13  14
1   0   5   8  12  13  14  17  19
1   4   8  12  19
1   4   7  19  24
1   4   8  18  19
1  4  7
1  15  20
1   0  12  24
1   2   7   8  22
1   4   7   8  17  19
1   4  13  18  22
1   0  13  24
1   4   7  17  19
1   4  18
1  11  13  14  24
1  14  18
1   7   8  18
1   0   2  13  14  19
1   4   7  17
1   1   4   8  13  18  20
1   1   4  22
1   0  11  14  18
1  13  14  22
1   4   7  11  15
1  12  15
1   4   8  21  22
1   4   8  11  13  14
1   0  12
1   1   4  13
1   3  11  14  20  22
1   7  14  22
1   4  17  22
1  18
1   2   4   8  17  18  21
1   4  12  14  18
1   2   8  10  11
1   8  18  19
1   4   8  10  11
1   2   4   8  17  18  21
1  23
1   0   7  13  19
1   0   3   4  19
1   0   1   2  10
1  14  15  19
1  0  3  7
1   8  11  18  19
1   0   4  12  13
1   9  18  19  20
1   0   4  18  19
1   0   4  17  24
1   0   3  24
1   8  13  14  19
1   0   4   8  11  12
1   0   4   7  11  19
1   4  17
1   4  13  19  23
1   6  14
1  10  14  17  22
1   0  11  18  19
1  12  14  18  19
1   2   3  14  15  17  18  19  20
1   2   8  12  18  20
1   1  20  24
1   4   7  12  19
1   3   7  11  14  18  20
1   2   3  14  15  17  19  20
1   4  12  18  19  24
1  14  15  18  19
1   2   8  19  24
1  19
1   2   8  11  14  15  24
1   1   4  12  13  17  20
1   2   7  18  20
1   0   4  11  15  18
1   0   1   4   8  11  21
1   2   6   7   8  14  15  17  19  24
1  14  15  17  18  19  20
1   0   4   5  17  19
1   0   4   5  14  17  18  19  22
1   4   7  13  19
1   3   6  14
1   3   4   8  14  21
1   4  11  22
1  3
1   5   8  13  14
1   6   7   8  17  18  19
1  6  7  8
1   2   7  11  14  18
1   6   7  14  17  19  20
1  12
1  0  2  4  7
1   8  10  11  13  18
1   4   7  18
1   4   8  17  21  22
1   0   4  17  18  24
1   3   4  14  17
1   4  17  21  24
1   1  10  14
1   4   8  12  18  19
1   0   2  12  13  14  15  24
1  17
1   0   3   4  17
1   6  14  15  17  20
1   3   4  13
1   0  12  13  24
1   4  17  18  20
1  3  4
1   3   4  14  18
1   4  18  19
1   0   4   6  11  13  17
1   0   2   4   7  17  18
1   0   9  13  17  20  24
1   0   8  11  12
1   5  11  20
1   4   8  17  18  21  22
1   0   6  12  14  15  17
1   4   5   8  11
1  10  13  14  22
1   0  22  24
1   0   3  18  24
1   0   4   6  12  13  19
1  15
1   0  15  17  19
1   2   3  11  14  20
1   0   4   6  17  19
1   3   4   8  13  19  20
1   4   7  11  14  19
1   0   4  11  17
1  5
1   4   8  12  19
1   0   4   8  11  13  14  17  19
1   2   4  13  17  19
1   0   1   4  24
1   4  14  17  18  19
1   0   4  11  17  19  21
1   2   4  12  13  14  18  19
1   3   4  11  12  13  14  15  19  21
1   4  14  15  17  19
1   5  14
1   1   4  12  17
1   0   3   4   8  11  18  19
1   4   8  11  13
1   4  12  17  18  19
1  3  8
1   3   4  13  18
1   6   7   8  17  19
1   0   1   2   4  18  20
1   0   2  11  14
1   4   7  14  18  19
1   6   8  13  18  20
1   4  11  17  18  19  20
1   2   4   5   8  14
1   0   2   3   4   8  13  14  19  20
1   0   2  17
1   3   4  14  15  18  19
1   4   8  13  17  19
1   0   3   4  17  18
1   2   8  12  13  14  19  20  24
1   7   8  13  19  22
1   0   4  18  19
1   0   4  17
1   0  13  19  22
1   3  21
1   6   7   8  13  15  18
1   3   4  17  18  21
1   1   2   4   9  18  19  20
1   5  12  14  17  20
1   0   5   8  11  12  24
1  11
1   0   1   3   4  18
1  22
1   2   3   4  14
1   7  14  18  22
1  14
1   4  13  21
1   0   1   2  10  11
1   2   4   7  10
1   0   2   4   8  11  15  18
1   1   4   8  18  19  22
1   3   4   8  13  23
1   4  12  13  14  22
1   2   7  12  20
1   6   8  13  18
1   8  10  11  13
1   4  13  14  15
1   0   3  14  19  24
1   2   4   6   7  11  13  14  19  24
1   0   2   4  18
1   0   4  12  18
1   0   4   6  15  18
1  10  20
1   4   8  13  14  17  18  21
1   2   4   8  13  14  18  19
1  13  14  22
1   3   5  13  14  20
1  14  15  17  18  19
1   4   7  14  18  20
1   2   4   8  17  18  19  20  24
1   2  13  14  19  20  24
1   0   2   4   8  12  13  17
1   0   4   6  12
1   1   4  12  17  18
1   4  14  15  17  22
1   4   7   8  11  22
1   0   2   4  17
1   4  12  18  19  24
1   4   7  17  19
1   0  11  14  19
1   0   2   4  11  15
1   3   4  13
1   5   6   8  11  13  14  22
1   0   3  11  13  14  22
1  7
1   7   8  12
1   7   8  14  19  20  22
1   0   2   4  18
1   7  13  14  17  19
1   2   4  14  17  18  20
1   2   4  13  17  19  20
1  14  15  18  19
1  1  6  8
1   0   3   4   8  12
1   0  11  22
1   0   4  17  19  22
1   2   4   8  15  17  18  19  20
1   4   8  18  25
1   0   4  11  13  14  15  17  18
1   3   4   6   8  20
1   7  14  15  18
1   2   3   4   8  14  17  19  24
1   0   1   3  14  17
1   4   7   8  19  22
1   4  19  23
1   0  11  12  18
1   0   6   8  13  17  19
1   4   6  12  13  14  17  19  21
1   2   3   4   7   8  11  13  17
1   3   6   8  13  17  20
1   0  18  20
1   4  13  17  19  20
1   3   4  13  18  19  20
1  21
1   0   2  13  14  19  20
1   4   8  12  18  19
1   4   8  18  19
1   4  11  21
1   0   3   6   8  11  19
1   4   5   8  11  14  15  17
1   4   8  14  15  17  18  20  21
1   5  12  14  17
1   4  13  18  19  21
1   7   9  13  14
1   0   8  12  13
1   7  14  17  18  20
1   0   4   6   8  12
1   0   3   4  12  13  15  17  19
1   4   8  11  19
1   2   3   4   8  13  14  15  17  18  19
1  10
1  24
1   0   2   4   8  13  17  18  20
1   0   4   7  13  14  17  19
1   0   7  11  18
1   4  14  15  17  19  24
1   0   2  11  18
1  2  3
1   8  11  18  19
1   4  17  21  24
1   6   8  11  13  18  19
1   2   4  13  14  19
1   2  13  14  17  19  20  24
1   0   4   8  15  17  19  21
1   4   8  11  19
1   8  18  19  21
1   0   4  18  21
1  11  14  18  19
1  11  14  22
1   4  11  15  17  24
1   4   8  12  14  18  21
1   2   3   4   8  11  13  20
1   2   4   6  11  14
1   0   4  11  20  21
1  10  14  17  24
1   0  12  13
1   1   9  14  18
1  9
1   3   5  14
1   0   7  14  17  19  20
1   3   4   5   8  13  17  19
1   4  15  17  18
1  20
1   0   4  11  13  17
1   0   4  11  18
1   0   3  13  14  17  20
1   2   4  14  17  18  20
1   0   2   3  13
1   2   4  14  15  17  18
1   4  13  19
1   2  10  14  18  19
1   0   6   8  13  17  19
1  14  19
1   2   3   4   8  17  19
1   8   9  13  14
1   2   4   8  13  18
1   4  12  13
1   0   2   4   6   8  14  17  18  19
1   0   2   3   4  13  21
1   0   4  11  18
1   4   6   7   8  11  13  18
1   4   5  11  19
1   0   4  12  19
1   1  14  23
1   2   3   8  13  14  18  19
1   7  14  15  18  19
1   0   6  24
1   0   3   4   7  17  19
1   4  10  22
1   0   2   4   6  14  17  19  24
1   4  13  14  19
1   4   8  11  21
1   0   4   6  11  17
1   0   4   6  11  17  24
1   0   1   4  11  19
1   4   6   8  17  18  19
1   4   9  13  20
1   0   4  10  12  17  19
1   0   4  11  17  24
1   0   2   8  13  14  19
1   4   8  17  18
1   3   4  11  12  14
1   0   4   5  17  18  19  20
1   0   8  17
1   0   7  12  13  20
1   3   4   8  14  15  17  21
1  19  21
1   4  18  24
1   2   3   4  13  14  18
1   7  14  19
1   5  12  14  17  18  20
1   0   2   7  12  17
1   1   4  12  15  17  18  19
1   1   4  17  19
1   0  18  24
1   4   8  13  14  16  18  19  20
1   9  11  20  24
1   0   7  14  24
1   6   8  13  14
1   4  18  19
1   3   4   5   8  13  17
1   2   4  12  14
1  2  3  4
1   4  17  18  21
1   2  15
1   3  18  19  20  24
1   0   2   8  11  13  14  15  19
1   0   2   4   8  11  17  18  19
1   0  13  18
1   0   1   2   3   4   5  10
1   0   6   8  13
1   0  11  15  24
1   6   8  10  11  13  14
1   4  13  17  21
1   4  17  18  20
1   2   4  11  12  14  15  19
1   2   8  14  15  19
1   2   4  12  13  14  19
1   0   2   5   8  11  13
1   6   8  10  13  14  17  22
1   0   3  13  17  18  19
1   0  19  23
1   1   4   8  11  12  14
1   4  11  18
1   6  14  19
1   0  15  17  19  24
1   0   4  12  13  15  19  24
1   4   8  12  13  15  16  19  20
1   3   4  13  18  19  20
1   4  11  19
1   0   6  12  14  15  17  18
1   0   4   6  11
1   0  10  15  17
1   4  14  17  18  19
1   3   4   8  18
1   0   2  19
1   3   4  17
1   4   6   8  21
1   4  12  14  17  24
1   0   2   4   5  12  13  14  15  17
1   0   2   8  11  14  18
1   4  14  16  19  20
1   0   4   6  11  13  20
1  14  17  18  19  24
1   4  11  18
1   0   4  17  18  19
1   0   2   4  17  19
1   4  10  24
1   1   3  14  24
1   6  13  14  20  24
1   0   2   4   8  12  17
1   0   4  18  19
1  8
1  0  4  6
1   0   2   4   8  18  19  21
1   6   8  11  17  18
1   0   3   8  11  13  14  19
1   0   3  14  15  17  18  22
1  25
1   0   4  11  18  19
1   4   6   7   8  12  13  14  18  19
1   0   3  14  17
1   0   2   4   6   7  13  18
1   6   7   8  13  19
1  0  2
1   0   3   7  17
1   0   4  18  19  23
1   0  18  19  20
1   1   4  14  17  18  22
1   4   8  18  20
1   0   4   6  13  17
1   1   3   6   8  11  13  20
1   4  11  17  18
1   2  14  17  19  20
1   0   1   4   5  17  20  24
1   0  11  18  22  24
1   4  11  17  18  19  20
1   0   3   8  14  20
1   6   7   8  11  19
1   4   8  17  19  22
1   0  17  22
1  13  14  21
1   4   5  14  17
1   1   4  11  20
1   6  14  15  17  18  20
1   4   6   8  13  21
1   4   5   8  11  18
1   4  13  19  21
1   0   4  11  17  18
1   4  16  17  18  19  20
1   0   5  23
1   0   2   7   8  13
1   0   6   8  10  12  13
1   2   4   8  15  17  19  20
1   3   4  13  18
1   1   4   8  11  14  15  18
1   4  19  24
1   7  12  13  14  19
1   0   9  12  14  17
1   0  17  18  19
1   0   2   4  15  18
1   2   4   8  12  14  19
1   0   3   7  13
1  13  18  20
1   1   4  11  12  14  15  17  18
1   3  11  13  14
1  17  18
1   4   8  13  17  18  19
1  3  8
1   2   3   7   8  11
1   4  10  15
1   4  13  17  19
1   0   2   5   8  11  13  14  17
1  13  14  15  17
1   0   4   7  17  18
1   0   3   4   6  13  17
1   2   7  11  14  18
1   8  11  12  13  14
1  0  3  4
1   0   2   4   8  12  13  14  15  18
1   3   4   8  11  18  19
1   0   1  24
1   0   4   6   8  11  13  17
1   4   6  13  17  24
1  13  17  20
1   3   4   8  11  17  21  24
1   4  13  19
1   0  11  14  15  17  20
1   4  12  17  19
1   5   8  11  12
1   4   8  14  17  18  19
1   2   4  12  14  15  17  18  19  20
1   0   9  11  13  14  17  20
1   4  14  15  17  18  19
1  17  19  24
1   0   2   4  11  13  17  19
1   2   4   8  13  14  19
1   3   6  14
1   0   6   8  11  13  14  17
1  0  3  4  7
1   8  11  13  19  20
1   2   4  11
1   2  11  14  17
1   4   5  11  18
1   2   8  11  13  14  20
1   0   2   4   7   8  17  21
1   2   4  13  14
1   4   7  14  17  18  19
1   0   5  12  14  17  19
1   0   4  11  18  19
1   2   4   8  14  18  19  24
1   7  12  13  14  18  19
1   0   4   5  18  19  24
1   3   4   5   8  13  17  18
1   4  17  18  20
1   0   2  17  18
1   0   4   6  12  18
1   4  11  19
1   0   3   4  15  19  20
1   0   2   8  13  14  18  19
1   0   1   4  11
1   3   4   8  14  15  17  18  21
1   4   6  13  17
1   3   4   8  18  19  20
1   2   4  11  14  18
1   2   4   5   8  15  18
1   0   4  11  17  18  21
1   3   6  11  14
1  1  4  5
1   4  15  18
1   2   4   8  11  13  14  19
1   0   2   3   4  11
1   7  14  17  18  19
1   0  17  18  19
1  11  14  19
1   0  10  18
1   0   3   8  11  15  18  24
1   3   4   8  11  12  19
1   8  11  13  14  18  19  20
1   0   4  12  13  18
1   2   3   4   8  14  17  19
1  0  1  2  4  7
1   0  15  18  19
1   0  11  13  17  19  20
1   4   7  17  19  22
1   3   4  20
1   4  19
1   2   4   8  11  13  14  17  18  19
1   4   5   8  21
1  13  14  15  20
1   0   6   8  11  13  15
1   0   1   3   4  18  19
1   0  18  24
1   0   2   5   8  11  14
1   0   4   7  17  19  22
1   0   3  11  13
1   3   4  13  14
1   3   8  13  14  22
1   0   2   4   5  13  17
1  14  15  17
1   4   6   8  13  14  17
1   0   3   8  11  13  18
1   2   3   4  14  17
1   2   3   4   8  17  19
1   2   5   8  12  14  17  18  19
1   2   4   5  13  14  17
1   4   8  12  13  14  17  19  21
1   2   3   4  14  17  18
1   2   3   8  17  18  19
1   0   2   3   4  11  13  17
1   4  11  18  19  24
1   5  13  14  17  19
1   0   4  12  13  18  19
1   0   3   4  15  19  20
1   0  15  17  18  19
1   4  17  21
1   0   3  11  13  14  18  22
1   0   4  11  17  24
1   4   8  11  12  18
1   3  13  14  18  20
1   2   4  14  17  18  20
1   4  13  15  17  18  19
1   4   7   8  17  19
1   0   6  14
1   2   3   4  12  13  14  19  20
1  10  14  17  18  22
1   1   8  11
1   0  15  17
1   4   8  13  17  19  22
1   0  10  11  19
1   4  11  17  18  20
1   0   3  11  19  20
1   2   4   8  10  18  19
1   6   7   8  13  19
1   2   4  13  17  19
1   4   8  12  13  16  17  18  19  20
1   0   8  21
1   0   2   4   7  15
1   3   8  10  18
1   0   2   4   5   8  13
1   4  17  19  20
1   4   8  12  13  18  19  20
1   4  11  18
1   3   7   8  17  19
1   2  10  14  17
1   5   6   8  18  19
1   4  14  15  17  20
1   0   3   8  11  13  20  21
1   8  15  18  19
1   2   4  14  17  21
1   0  11  18  20  24
1   3   4   8  19
1   2   4  13  15  17  19
1   0   5  18  19
1   0   2   5  19
1   8  13  19  20
1   4   6   8  13  19
1   0   1   6  11  14
1   2   4   7  19
1   4  12  19
1   2   4   8  12  13  14
1   4  13
1   0   4  11  15  17  24
1   2   4   9  14  15  17  18  19
1   2   8  11  17  18  24
1   4   5  13  14  19
1   1   8  12  18  19  20
1   0   4   6  12  13  17  24
1   0  12  13  14  19  20
1   0   2   7  19  22
1   2   3   4   8  11  13  20
1   4   5  11
1   6   7  14  19  20
1   8  10  17  18
1   0   7  10  13  18  19
1   4   6   7   8  13  17  19  21  24
1   0   3   4  11  18
1   0   8  14  17  18  20  21
1   3  14  17  18  22
1   8  11  13  20  23
1   9  11  20
1   2   3   8  13  14  15  17  19  20
1   0   2   4   8  11  12  14  17
1   0   4   7  17  19
1   0   3   4   6   8  13  17  18  19  21
1   2   3   4   8  17  21
1   4  11  13  17  18  19  22
1   8  13  14  15  18  19
1   4  14  17
1   6   8  11  17
1  14  18  19  24
1   3   4   6   8  17  18  19
1   0   2   4  11  17
1   5   6  11  14
1   2   4   8  17  21
1   0   3   8  12  13  14
1   0   2   4   7  15  17  19
1   0   4  10  12  18
1   2   4   8  11  14  15  18
1   0  11  13  14
1   0   4   6  12  13  17
1   8  13  14  15  18  19
1   0   4  10  13  19
1  14  17  18  19
1   6   8  11  13  18  19
1   3   4  11  12  14  18
1   0   2   4   7   8  11  12
1  10  13  14  22
1   0   5   7  11
1   0   2   4  18
1   4  15  18  19
1   4   6   8  13  17
1   0   3   5   8  11  14  17
1   4   8  11  12  15  18
1   2   8  10  16  20
1   4  13  14
1   4   8  11  17  18  22
1   0  11  15  20
1   0   3   5   8  17  24
1   0   4  10  11
1   0  11  13  20
1  13  14  18  24
1   0   2   4  14  15  17  19
1   2   7  17  20
1   3   4   7  12  14  19
1   0   2   4   7  15  17  18  20
1   2   4  12  14  17  18  19  20
1   0   2   4   8  19  21
1   4  13  14  15  17  18
1   0   2   4   8  15  17  19
1   0   3   4   7  17  22
1   4   5   6   8  17  20
1   0   4   8  11  12  17  18  19
1   4   5   8  17
1   0   3   7   8  11  14  24
1   4   6   7  13  14  20
1   3   4   6   8  13  18
1   0   6  11  13  14
1   0   6  12  13  14
1   0   3   4   7  19
1   2   4   8  13  14  17  18  19  20
1  11  14  18
1   2   3   8  13  14  18  19  20
1   4   6   7   8  17
1   2   4   5  18  19
1   0   2   3   4  17  19
1   1   4  12  17
1   8  11  14
1   1   8  19
1   0   2   8  11  14  15  19
1   0   2   4   8  13  17  18
1   0   3   4   8  17  18  19  21
1   3   6   8  10  12  13  14
1   0   4  13  17
1   0   4   8  11  12  13  14  17  19  21
1   5  18  19  20
1   7  14
1   0  11  13  14  18
1   4   7  14  18
1   4  13  17  19  24
1   0  18  19  24
1   0   4  13  17  19  20
1   3   4  14  17  18
1   0   1   8  11  19  21  24
1   0   2   5   8  17
1   0  12  17  18  20  24
1   4  13  14  18  19
1   0   2   4   6  13  24
1   0   3  12  13  14  24
1   0   4  13  14  15  17  20
1   0   2   8  19  21  24
1   2  14  15  24
1   0   6   7  11  14  19  20
1   2   8  15  18
1   4  13  17  18  19  22
1   0   2   7  18
1   4  11  12  13  14  15  19  24
1   0   4  11  14  17  21
1  0  3
1   0   2   4   6  10  15
1   2   4  13  14  18  19
1   4   6   8  13
1  14  15  17  19
1   0   1  11  12  20
1   0   4   6   8  11  13  14  17
1   4   8  11  15  18  20
1   0   3   4  17  18  19
1   0   1  17
1   4   8  13  18  19  20
1   4   8  18  21  22
1   0  11  13  15  18
1   1   3   4  11  14  20
1   3   6  14
1   2   4  13  17  18
1   0   2   4   6   7  13  23
1   4  15  18  19  24
1  13  14  18
1   3   4  13  14  15  17  18
1   4   8  11  13  18
1   2   4   8  11  13  14  17  19
1   2   4   8  13  14  19  20
1   3   4  13
1   0   4  13  14  18
1   0  11  15  24
1   4  12  13  14  18
1  13  24
1   0   6   7   8  13  19  24
1   4   8  13  15  17  19
1   2   3   8  13  14  19
1   2   4   5   8  19  21
1   2   4   5  19
1   4  17  20
1   3   8  12  13
1   0   3  13  18  20  24
1   0   2   8  13  14  18
1  11  14  18  19
1   4  12  13  20
1   4  11  12  14  20  21
1   2  14  17  18
1   4   8  11  17  18  21
1   0   2   8  13  14  15  17  19
1   3   4   8  13  18
1   8  11  13  14  18  19  20
1   0   4  12  17  19  20
1   4  11  14  17
1   0   4   7  17  19
1   4  10  18  22
1   0   2   4  12
1  11  15  18  20  24
1   6   7   8  13  14  19
1   0   2   4   8  13  17  19
1  17  18  20
1   2   4   8  19  20  21  23
1   6   8  13  17  20
1   4  11  14  17  22
1   0   2   4  13  17  18  24
1   8  13  14  20
1   4   9  11  17  22  24
1   0   2   3   6   8  13  14  17
1  12  13  14
1   2  12  14
1   4   5   8  13
1   1   4  14  17  19
1   0   4   6   7  12  14  15
1   7  14  17  20
1   0   6  18
1   8  18  23
1   1   7  18  20
1   0   3   8  11  13  18
1   0   2   3   4   8  21
1   0   2   4  17
1   0   8  11  12  17  19  24
1   0   4  11  13  17  19
1   2   3   4   8  13  14  18
1   0   4  11  21
1   1   7   8  17  18  19
1   4  13  18  19
1   0  12  13  14  22
1   0   2   4   5   8  11  18  19
1   8  15  25
1  1  3  8
1   3   8  10  13
1   4  11  17  18
1   3   4   8  11  12
1   0   1   2   4  11
1   4   8  13  14  15  17  18  19  20
1   0   6   8  10  13  19
1   0   4  11  18  20  21
1   3   8  13  14  18  21
1   2   6   8  12  13  14
1   0   3   4  18  19  20  24
1   1   2   4   9  14  19
1   0   1   4   8  11  13  18
1   6  11  14
1   4   6   7  11  13  19
1   0   2  11  19  20  24
1   2   4   8  13
1   2   4  14  17  18
1   0   2   8  18  19
1   2   4   8  11  13  19
1  10  14
1   0   2   8  11  15  19
1   5  11  14  22
1   0   4  11  12  15  18
1   4   8  12  13  18  19  21
1   0   2   7   8  12  17  18  19
1   0   3   4   6  11  13
1   2   4  11  17  19  20
1   0   1   3  13
1   0   5   7  11  18
1   0   3   4  11
1   4   6  14  17
1   2   4   7   8  14
1   0   4   6   8  13  14  17  18  19
1   5   8  17
1   0   3   7  17  18  19  20  24
1   2   4  12  13  14  17  18  20
1   0   8  14  15  17  19
1   4   5   6   8  13  14  17
1   3   4   8  14  18  19  20
1   4  11  18  21
1   0   2   4   7  11  13
1   4  11  17  19
1   3   4  12  14
1   0   3   4   8  18
1   0   3   4  13  18  22  24
1   2   4  17  18  19  20
1   3   5  13  20
1   0   2  13  14  17  19
1   1  13  14  19  20
1   0   4  11  17  18
1   3   4  22
1   4   7  12  14  18
1   0   4  11  12
1   2  12  14  18  19  20
1   0   6   8  13  17  21
1   0  11  12  14  18  19
1  10  14  19
1   0   2   3   4  11  14  19
1   4   8  11  12  15  19  20
1   0   8  13  18
1   1   3   8  13  14  17  18  19  20
1   3   4   8  14  17  19
1   8  13
1   0   4   8  11  13  14  15  19
1   6  13  14  18
1   2   4  13  19
1  11  14  18
1   7  15
1   2   5  14  18  20
1   0   5  11
1   0   3   4   5  17  19  20
1  0  3  4  8
1  12  14  17  18
1   1   4   8  11  13  14  15  17  18
1   2   8  13
1   0   2   8  12  13  14  18  19  20
1   8  13  22
1   0   2   3   4   8  14  18  19
1   0   7  12  14  18  19
1   0   2   4  13  17
1   0   4  13  14  17  18
1  11  14  19
1   1   4  14  17  18  22
1   6   8  13  15  17  18
1   0   3   5   8  13  14  19  20
1   0   4  13  17  18  22
1   2   4   8  14  21
1  4  6
1   3   4   5   8  11  13  17  24
1   2   3   4   7  11  18  20
1   0   2   8  12  13  14  19  20
1   0   4   5  17  19  20
1  1  3  4
1   2   4  12  14  18
1   2   4   8  11  14  15
1   4  13  14  17  21  24
1   3   4   8  13  15  19
1   8  15
1   0   2   7  14  15  17
1   0   2   4  12  17  18
1   7   8  11
1   2   3   4   8  12  13
1   0   3   4  11
1   3   7  11  14
1   0   6   8  13  17  18  19
1   0   2   6   7   8  14
1   5  12  14  17  18
1   0   6  11  18
1   0   7  15  24
1   0   3   4  13  19  22
1   3   4  11  14  15  21
1   0   7  10  13  19
1   0   4   5  18
1   4   8  13  16  20
1   4  17  18  20  21  24
1   8  14  15  17
1   4   7  11  13  14  15  19
1   0   3   4  17  24
1  3  4  5
1   0   8  11  12  13
1   2   4  14  17  18  20
1   2   4   8  12  14  23
1   0   8  11  13  14  15  19  20
1   0  15
1   0   4   6  11  17  20
1   4   5   7  14  17  19
1   0  18
1   8  11  12  15  18  24
1   2   3   4   8  13  21
1   0   8  13  14  18  19
1   0   2   7   8  13  17  18  19
1   3  13  14  17  20
1   0  11  15  24
1   0   4   5   8  14  17  19  21
1   8  13  14  15  19
1   0   4  12  17  18  19
1   0   4  11  21  24
1   2   4  11  13  17  19  24
1   0   1  11  14  15  17  24
1   7  19  20
1   0   4  11  13  17  18  19
1   1   8  11  19  20
1   0   1   2   8  11  13  14  15  18  19  20
1   3   4   8  11  14  17  22
1   0   4   6  11  17
1   0   8  13  19
1   4  10  13  14  17  18  19  22
1   0   4   7  17  19
1   0   4  13  15  17  18  19
1   0   8  10  13  14
1   0   4   5  13  17  18  19
1   2   3   8  13  14  17  19  20
1   2   4   7   8  10  13  19
1   6  13  14  17  18  19
1   4  11  19
1   0   2   8  11  13  14  17
1   3   4   6   8  13  22
1   4   8  14  15  17  18  19
1   4   8  14  17  21  22
1   7   8  15  18
1   0   2   3   8  12  13  14  19
1   4  13  14  17  18  22
1   0   3   4   8  18
1   2   4  11  13  19  23
1   0   3   8  15
1   0   8  11  19  24
1   2   4   5  15  17  19
1   0   7   8  17
1   8  13  14  15  17  19  20  24
1   0   2   8  11  18
1   0   1   8  18
1   0   2   3  12  13  14
1   2   4   8  18  19
1   0   8  11  12  22
1   4  15  17  18  23
1   0   3  17  22
1   0   2   3   4   8  13  18  19
1   4  17  19
1   4  15  17  19
1   0   4  12  13  18  19
1   4  13  17  18  20
1   7  18  19  20
1  4  8
1   3   4   8  11  13  14  21
1   4  11
1   0   4  17  19  23
1   0   2   4   8  11  15  18  24
1   0   2   4   5   8  13  17  19
1  15  18  20  24
1   0   4  13  15  17  18  19
1   1   3   4   6  19  20
1   0   3   4  17  19
1   3   4   6   8  18  20
1   2   4  18  20
1   0   8  12  20  23
1   4   8  16  19  20
1   2   3   4  11  18  19
1   1  14  24
1   4   7  14  17  18
1   0   3   5  14  17  22
1   4   5  11  14  17  18  22
1   0   2   5   6   8  13  18  19
1   8  11  18  19
1   0   8  11  12  13  18
1   4   5  11  18  20
1   2   3   4   8  11  17  19  24
1   4  18  19
1  13  14  18
1   3   6   8  13  14  15  17  21
1   0   2  12
1   6   7   8  13  14  18  20
1   0   4  10  18  19
1  8
1   1   6   8  13  17
1   0   2   4   7  17  18
1   0  12  23
1   6   8  13  17  19  24
1   4   7  12  14  17  19
1   0   7   8  14  17  19  20  24
1   3  11  14  19
1  11  12  23
1   0   2   5   8  17  19
1   0   4   6  12  14  15  17
1   3   4   8   9  13  14
1   8  13  15  19  20
1   0   4   6  17  18  19  24
1   4   5  19
1   0   4   6  13  19
1   0   3   8  11  21
1   1   8  13
1   3   4  12  13  14  17
1   4   8  13  14  17  18
1   0   3   4   8  11  13  17
1   0   2   4   6   7   8  13  19
1   3  14  17
1   0   3   6  13  17
1   0   8  11  17  19
1   0   2   4   6   7  17
1   8  13  18  19  20
1   0   3   4   8  13  18  19
1   0   2   3   8  13
1   2  11  14
1   4  14  17  19  22
1   4   8  13  15  17  18  19
1   7   8  15  18
1   4   8  13  17  19
1   0   2   3   4   8  11  13  14  19  20
1   3  12
1   0   3   4   6   8  11  13
1   0   4  11  12  19
1   4   8  14  15  18  19  21
1   5  11
1   4   5   8  13  18  19
1   2   4   7   8  13  18
1   0   1   2  17  18  19
1   4  18  20
1   3   5  13  18  20
1   3   4  11  14  15  21
1   4  11  12  14  15  18  24
1   0   4   8  11  13  17  19  21
1   2   4   6   8  13  14  15  17  18
1   1   4   8  11  13  14  15  17  18  19  24
1   4   8  11  13  14  17  18  19  20
1   0   9  21
1   4  12  18
1   0   1   2   8  11  13  14  15  19  20
1   0   4   8  11  13  14  17  18  19
1  17  18  19  20
1   0  13  21
1   0   2   8  13  14  18  19
1   4   8  13  14  18
1   8  11  12  19  20
1   0   6   7  14  15  17  19  24
1   4   5  18
1   2   4  12  13  14  15  18  19
1   0   2   8  13  14  19  21
1   2   4  13  17  19  20  24
1   0   2   3   4   8  12
1   0   2   4   8  13  18  19
1   2   3   4  11  12  14  15  19
1   8  10  13  18
1   0   2   6   7   8  15  17  18
1   0   3   8  13
1   4  15  17  21
1   0   3  18
1   0  12  17  24
1   2   3   4  15  19  23
1   6   8  13  17
1   0   3   4   6  17
1   0   3   6   8  13  19
1   0   6   8  13  14  17  18  19  25
1  14  15
1   4   5   8  11  17  19
1   0   6   8  11  12  13
1   2   4   7   8  11  21
1   4   6  11  13  14  17
1   2   3   4   8  13  14  17  18
1   8  13  19
1   4   7  13  14  17  19
1   0   4  11  13  15
1   5  11  14  17
1   0   2   7  12  19
1   0   3   4   5  11  19  20
1   0   8  16  17
1   1  14  18  24
1   3   4  15
1   4   7   8  14  17  18  19  22
1   0  11  14  18  22
1   4  17  18  19
1   4   8  13  14  15  17  19
1   0   8  13  14  15  17  18  19
1  12
1  11  14  15
1   2   8  11  14  15  18  19
1   0   4  13  15  17  19
1   0   2   3   4   8  11  12  17  18
1   0   7  14  17  18  19  20
1   0   1   3  14  17  18
1   0   2   5  11  19  20  24
1   0   4   8  15  17  18  19
1   1   4   7   8  12  15  17  18
1   8  12  13  14  18
1   4  24
1   6   8  13  17  18  19
1   4  13  18
1   0   2  10  15
1   0   3   4  11  17  18
1   0   4   6  18  19
1   0   4   8  11  13  17  19
1   3   6  14  18
1   0   2   3   7   8  17
1   0   3   4   8  11  19
1   0   4   9  13  15  18
1   0   4   6  17  19
1   0   2   4   7  17  19
1   1  18  20
1   0   2   4   8  12  13  19
1   0   1   8  11  19  24
1   0   1   4  12  24
1   2   5   8  13  14  18  19  20
1  3  4
1   0   1   3  13  17  18
1   0   2   4  11  15  18
1   7  15
1   4  15  17  19  24
1   0   3   4  10  12  17  18  19
1   4   7   8  12  13  15  17  19
1   4   7  13  14  17  18  19  20
1   4   5  11  14  17  18  20  24
1   2   4  19
1   4   8  13  17  19  22
1   0   4  15  17
1   0   1   4  17  19  24
1   7  14  19  20  24
1   4  15  17  18  20
1   1   3   4   8  12  18  19  20
1   2   4   8  13  18  19
1   3   4  10  14  17  18  22  24
1   3   4   8  12  20
1   4   8  11  13  14  18  19  21
1   3   4   8  13  17  18  19
1   2   4  14  17
1   0   1   4  10  17
1   4  14  15  17  18  20
1   6   7  14  17  19  20
1   4  18  19
1  12  13  18
1   4   5   8  11  18  19
1   3   4   5   8  13
1   0   4  15  17  18
1   0   6   8  11  13  15  24
1   0   3  17  18  22
1  4  5
1   0   3   4  17
1   0   8  11  17  19  20  21
1   0   4  13  17  18  22
1   4  13  17  19
1   0  11  18
1   4  12  14  17  19
1   0   3  10  17
1   0   6   8  12  13  14  15  17
1   0   4  11  13  17  19  23
1   2   8  13  14  17  18  19  20
1   8  12  13
1   3   4   5  14  17
1   4   7  14  17  19  24
1  0  3  8
1   0   2   4   5  17  18  20
1   7  14  18  19
1   0   4   8  17  19  21  24
1   0   2   4   7  17  18  19
1   1   8  13  18
1   0   8  12  13  17  19
1   0  11  12  13  20
1   1   2  10  11  14
1   1   2   4   9  18  19  20
1   0   4   6  13  18  19
1   0   4   8  15  17
1   0   5   8  17
1   2   8  11  21
1   4  11  18  19
1   0   3   4   6   8  13  17  18  19  20
1   6  13  14  18
1   6  13  14  17  22
1   1   4   6   8  13
1   0   3   7  13  18
1   0   2   4   8  14  18  19
1   0   5   8  11  13  24
1   0  25
1   3   4  10  14  15  18  19
1   0   2   4  11  18
1   0   8  15  17  18
1   7   8  14
1   4   6  18  19
1   2   4  14  17  18  19
1   0   2   8  15  19  24
1   4   8  16  17  18  20
1   4   9  17  18  24
1  13  20
1   5  11  20  24
1   0   4   5   7  17  19
1   0  18  22
1   4   8  12  13  17  18  19  20
1   4  14  16  18  19  20
1   2   4   5   8  14  17
1   3   4   8  17  21
1   1   4   8  13  18  20
1  0  3  4
1  10  13  14  20  22
1   2   3   4   5   8  15  18
1   0   4  13  17  18  19  20
1   4   8  10  12
1   8  15  17  19
1  15  18  19
1   7  14  17  19  22
1   8  12
1  14  15  17
1   0   4   7   8  11  13  14  15  17  18  19
1   0   5  12  17
1   2   5   6   8  10  13  20
1   0   2   4  15
1  12  14  19
1   6   7   8  13  14  18  22
1   0   2   4   8  17  19  21
1   0   2  14  18  19
1   1   4   5   8  13  19
1   4   6  14  15  17  18
1   3   5   6   8  13  20
1   2   3   4   8  18  21
1   3  11  14  17
1   0   6  13  17  19
1   1  18  20
1   0   4   6  17
1   2   5   8  13  14  19
1   0   4   7  17
1   4   8  12  14  18  19
1   0   2   4   7  18  19  22
1   0   2   4  17  18
1   0   4   5   8  11  12  18
1   3   4  11
1   4  12  18  20
1   4   7  11  12  18  19  21
1   0   5  13
1   0  13  14  15  17  18  19
1   4   6   8  13  17  18  19
1   1   6  11  14  18
1   4   5   8  22
1   0   4   8  11  13  14  19  20  21
1   0   2   3   4  15  19
1   0   4   8  11  12  13  14  15  19
1   4  13  19
1   4  13  14  25
1   2   4  11  12  14  15  23
1   7  19
1   0   2  19
1   0   4   6   8  11  17  18
1   2   4   5  13  17  18
1  3  4  8
1   3   4  13  15  17  18  19
1   0   5  11  19
1   5  11  14  22
1   0   2   4   6   8  13  18
1   0   4   8  11  17  19  20
1   2   4   8  15  17  18  19  21
1   0   4  13  15  17  19
1   0   1   2   8  11  12  14  20
1   4   6   8  13  18  19
1   3  17
1   0   3  13  18  19
1   4   6   7   8  18  19
1   4   5   7  11  15  20
1   7  11  12  13  14  19  24
1   0   2   8  11  17  19
1   0   4   5  12  17
1   3   4   5   8  13  14  19
1   0   2   4  17  18  19  24
1   0   4   6  11  13  18
1   0   7  15  19
1   0   8  11  13  17  18  19  20
1   4  11  12  14  15  24
1   4   6   8  18  21
1   1  10
1   0   4   6   8  12  13  18  25
1   0   2   4   6  10  15  18
1   0   3   4   8  11  19
1   0   2   5   8  13  14  17  18
1   0   2   3   4   6   7  13
1   0   3   4   7  17
1   0   3   8  11  13  18  20  21
1   0   2   3  11  14  17
1   0   2   4  11  13
1   2   7   8  18  19  22
1   0   8  13  17  18  20
1   0   4   6  11  17  18  19
1   0   2   5   8  13  17
1   6  20  24
1   4   8  11  18  19
1   0   4  11  13  17  19  21
1   3   4   6   8  11  13  18  20
1   2   4   8   9  18  19  20
1   2   4  13  14  19
1   1   4   8  11
1   3   4  21
1   2  15  20
1   0   3   4   8  11  15
1   4  10  11  22  24
1   0   8  11  13  14  18  19
1   1   2   3   4   8  17  18
1  15
1   0   4   6  18  21
1   0  13
1   0   4  16  17  18  20
1   2   7   8  17  18
1   0   4   8  13  14  19
1   0   2   3   4  13  21
1   8  10  15  18
1   3   4   8  19
1   0  12  17  24
1   0   2   8  13  14  19  20
1   0   4   6  17
1   4  11
1  14  18
1   2   3   4   5   8  13  17
1   0   2   4   7  11  17  18
1   0   8  13  14  19
1   4   6   8  11  13  18
1  11  14  18  19
1   2   4   8  15
1   5   8  12  17
1   3   4  11  14  17
1   8  11  13  14  18
1   4  11  12  13  18  19
1   2   4   8  15  18
1   2   4  11  18
1   4  14  17  18  19
1   0   2   5   8  11  19  24
1   0   3  12  13  14  17
1   3  18  21
1   0   2   4   5   8  17  19
1   4   8  12  13  17  18  19
1   8  12  13  14  19
1  10  11  14  18
1   0   5   7   8  13  14  18
1   8  14  17  18  19  21
1   0   2   3   4   8  12  13  14  19  20
1   8  12  13  14  17  19
1   0   3   6   8  13  17  19
1   4   7  14  18  22
1   0   2   4   6  14  17  21
1   2   4  11  14  15  20
1   6   8  13  21
1   0   1  11
1   3   4   6   8  13
1   2   4   8  11  13  18  19
1   0   2   8  13  14  18  19
1   4   8  11  13  18  19
1   2   3   8  18  20
1   0   2   4  15  19
1   0   3   4  10  13
1   0   6  11  14
1   3  11  14  18
1   3   8  13  22
1   2   4   8  13  18
1   0   4  10  12  17  18  19
1   4  11  14  18  19  22
1   6   7   8  11  24
1   1   6   7   8  11  13  15  18  20
1   0   4  15  17
1   2   4   6  12  13  17  24
1   4   8  11  18  21
1   2   4  13  17  20  24
1   0   4   7  11  17  19
1   5   8  11  12
1   0   4  12  15  17  19  20
1   0   2   4  12  13  14  18  19  20
1   0   4   8  13  15  19
1   0   2  11  19  20
1   0   2   7   8  11  14  17  18  19
1   4  13  14  18  19
1   1  14
1   2   4  12  14  17
1   4  13  14  15  17  18
1   2   3   5   8  11  19  20
1   2   4   5   8  13  18  19
1   0   4   8  11  18  19
1   0   4   6   8  11  21
1   0   2  13  14  18  19  20
1   0   4  12  17  19  20
1   4  12  19
1   0   8  13  15
1   1  14  23
1   0   2   8  11  15  17  19  20  24
1   0   2   5  14  17  18  19
1   2   4   5  14
1  22
1   4   6   8  13  18  19
1   2  12  20
1   1   4  17  20  24
1   0   2  11  17  19  20
1   4  18  19  21
1   0   4   8  11  18  24
1   0  11  14  17
1   3   5  14  17
1   4  14  15  17  18  19
1   0  20
1  5  8
1   2   3   4  11  14  18
1   0   3   7   8  11  14  18  24
1  2  4  8
1   8  10  13  15
1   6   8  12  13  14  17  19
1   0   3   4   6  17  19  20
1   4   8  11  15  17  18
1   2  13
1   0   1   4  11
1   6   7   8  10  13  19
1   2  14  18  19
1   2   4  18
1   2   3   4  12  13  14  17
1   0   2  13  14
1   0   2   3   4   7  14  17
1   0   4   6  11  20
1   1  18  20
1   0   2   3   8  13  14  17  19  24
1   0   2   5   6   8  12  13  17  19  20
1   2   4   8  13  14  18  19
1   0   2   7   8  17
1   5   6   7   8  13  18
1   0   4   7  15  18
1   3   4   5   8  11  18
1  0  1  6
1   0   5  13  18  19  24
1  14  15
1   0  21
