0.0177056
0.364041
-0.332096
0.510878
-0.114967
0.353587
-0.178405
-0.190835
-0.0966635
-0.176977
-0.167045
0.204092
0.113828
-0.0772952
0.19162
0.0251801
0.0453107
0.199794
-0.237746
0.0665736
0.332883
-0.647361
-0.517512
-0.000448605
-0.286996
-0.0899572
-0.235402
0.135587
-0.351626
-0.597498
0.0349318
-0.234808
-0.0447034
0.0132398
0.447004
-0.562793
0.423102
0.768869
0.734615
-0.466465
0.942104
0.424788
0.0464947
-0.255926
-0.235826
0.685774
0.158169
0.0201249
0.093185
0.164089
0.201345
0.016823
0.27702
-0.222382
-0.508814
0.190794
0.108755
-0.360096
-0.136354
-0.0197839
-0.275408
0.109559
-0.173327
-0.364678
-0.0655945
0.519899
-0.0162733
-0.135554
-0.347356
0.201954
-0.522904
-0.253848
0.107706
-0.0182283
-0.47267
-0.0145964
0.175242
-0.0562463
0.845436
0.611832
0.153314
0.0179852
-0.193291
0.308095
-0.342577
-0.0438987
0.389042
0.335597
-0.648406
-0.589281
-0.354196
0.24115
0.194744
0.0770009
-0.273192
-0.35635
-0.362281
0.265962
0.0791962
0.270955
-0.164767
-0.00789018
-0.214563
-0.19067
0.366057
-0.196645
0.288906
-0.594865
-0.124563
0.122106
-0.106727
0.122235
0.552388
-0.266619
-0.125049
-0.541336
0.11794
0.277362
0.260407
-0.238628
-0.392809
0.124536
-0.0322564
-0.124872
0.476398
0.286132
-0.0740225
-0.416664
-0.0839441
-0.123776
0.196145
-0.0634682
-0.334619
-0.506646
-0.19025
0.231248
0.108535
-0.371175
0.624003
0.186379
-0.112298
0.099394
0.00326849
1.05778
-0.129401
0.338
0.00477971
-0.303643
0.207049
-0.541921
0.263558
0.134696
0.181395
-0.2403
0.494755
-0.0435606
-0.419376
-0.192099
-0.18275
-0.0185131
0.284026
0.0134469
0.0506676
0.359018
0.03947
0.455822
-0.558152
0.136173
-0.400355
-0.140299
0.522829
-0.460959
0.0454264
0.813081
-0.0217798
0.289649
-0.181323
0.204411
0.0617258
-0.205719
-0.546416
-0.418769
-0.00245164
0.0697538
-0.166364
-0.334907
0.0617424
-0.209297
0.389093
-0.358896
-0.0539926
-0.18641
-0.205344
-0.468545
-0.478808
-0.433105
-0.0790709
-0.226599
-0.142041
-0.0139707
0.104909
0.266289
-0.473218
-0.421381
0.0865178
0.545733
0.0854635
0.321617
-0.280442
0.305054
-0.22767
-0.0893433
0.520247
0.119155
-0.024682
-0.0810733
-0.437092
0.175469
-0.269046
-0.0796225
0.585005
-0.102145
0.40334
-0.109742
-0.414546
0.343145
-0.367358
0.702179
-0.0521748
-0.225309
-0.166122
-0.23113
-0.607504
-0.239445
0.0774017
-0.265669
0.0959856
-0.227235
-0.16885
0.0403266
0.121819
0.321874
0.0431542
0.708999
-0.285361
0.0976301
0.209729
0.96383
0.378621
0.325473
0.293256
-0.606825
0.131234
0.705576
-0.400542
-0.153779
0.305663
0.684691
-0.172487
0.127079
-0.129093
0.144485
0.483883
-0.286245
-0.0302156
-0.198642
0.132889
0.107153
0.147077
0.333526
0.35634
-0.154499
0.0334274
-0.222399
-0.0911471
0.0917903
-0.0118787
-0.275797
-0.385022
-0.270802
0.269268
0.0409433
0.272527
-0.185629
0.137222
-0.718062
-0.521346
-0.160199
0.509908
-0.272859
-0.173782
-0.115959
-0.305985
0.130866
-0.294128
-0.174221
-0.0296165
0.221663
0.433055
0.17689
-0.27283
0.255917
-0.0592889
-0.348592
-0.542272
0.016395
0.155782
-0.503695
0.170606
0.512233
0.321467
0.04354
0.249565
-0.0263721
0.516832
-0.348681
-0.120288
-0.145099
-0.577982
-0.00998937
0.134207
0.105059
0.995125
0.185817
-0.191354
-0.198189
-0.341855
0.101561
0.104862
-0.16249
0.437028
-0.308701
-0.221718
0.339011
-0.72298
0.391615
0.029177
0.386986
-0.430325
0.363634
0.328038
-0.132281
0.233976
0.304029
0.234537
0.460132
-0.10284
-0.0503126
-0.379368
0.551298
0.219357
-0.00476921
-0.508274
0.192772
-0.0950755
-0.13388
-0.467574
-0.406134
-0.0921474
0.20884
0.00645079
0.0208434
0.0910173
-0.490152
0.651752
-0.329834
-0.488017
-0.136107
0.234907
0.0428146
-0.0824714
-0.325089
0.383912
0.187961
0.12029
0.105759
-0.390368
0.202854
0.17304
-0.126419
-0.93635
0.0301925
0.162264
0.286754
0.114352
-0.443089
0.327033
-0.312057
0.433604
-0.597162
0.144331
0.361725
0.354393
-0.109402
0.287793
0.092593
-0.540297
0.419836
-0.278924
-0.524717
0.471931
0.156861
0.186344
-0.31051
-0.37773
-0.187083
-0.189567
0.438287
-0.217365
-0.188709
-0.110428
0.0990741
-0.247449
-0.00454624
-0.0104734
-0.238885
0.186776
0.415515
0.360237
-0.0153891
0.123882
-0.548049
0.174857
0.0833525
0.120383
-0.161594
-0.314827
0.095453
-0.319778
-0.0183807
-0.145901
-0.0191979
0.0726979
0.192463
0.373672
0.399496
0.0706065
0.0115327
0.645922
-0.364925
0.218636
-0.363545
-0.225243
-0.0352936
0.0970142
-0.503262
-0.25393
-0.19675
0.0770707
0.144339
0.0512205
-0.292039
0.304769
0.745005
0.473835
-0.44236
0.151116
-0.467895
-0.291231
0.347306
-0.0596189
0.330639
-0.057021
-0.209959
-0.223442
-0.213998
0.351648
-0.162193
-0.29824
-0.0585294
0.093552
0.435881
0.0646089
-0.204793
0.0818298
0.127638
0.228058
-0.501653
0.302263
-0.224947
0.263181
0.28997
0.0702695
-0.463067
0.191595
-0.40929
-0.0302354
-0.164635
0.659325
-0.187599
-0.43454
0.379713
-0.421698
0.358208
-0.261123
0.222579
0.191667
0.034119
-0.0109799
-0.200879
0.292557
0.11002
0.344899
0.410788
0.218033
0.173138
0.0701773
-0.353288
0.180019
0.0715548
0.382522
-0.180468
0.426114
-0.106287
0.141066
-0.196577
0.261541
0.175256
0.286382
-0.34811
-0.403792
0.121716
-0.033639
0.0992471
-0.0128229
-0.208198
0.472932
-0.0789223
-0.140234
0.487618
0.306039
-0.142974
-0.811681
0.280566
-0.36839
-0.456404
0.0984551
-0.243647
0.358038
0.11984
0.0824432
-0.0251864
-0.145622
-0.189233
0.144569
0.062585
0.0869735
0.27401
-0.046674
-0.286279
0.449153
0.158766
0.131347
-0.0150174
0.42917
-0.388418
0.117883
-0.254665
0.298878
-0.120973
0.0945075
0.520917
0.0842399
0.578249
0.0120793
0.185957
0.0940713
0.165448
0.338482
0.0720237
-0.146425
-0.00299091
-0.163369
0.0456192
0.306893
-0.0978172
0.125823
-0.054529
0.0436488
-0.0323496
-0.422758
-0.273894
0.449285
0.222385
-0.00220529
0.108835
-0.227382
0.34672
-0.0685835
0.380821
0.467122
0.291082
0.0131021
-0.370088
-0.226312
0.305321
-0.517173
-0.0828621
-0.261385
-0.131924
0.243142
-0.0164715
0.53766
0.007829
0.171973
0.716832
0.627696
0.0202459
-0.154622
0.311843
-0.23912
-0.409703
0.0535791
0.706554
-0.193539
-0.326816
-0.0591498
0.582588
-0.0426485
-0.52486
0.143312
0.0371126
0.135185
-0.107573
0.616661
0.186852
0.240371
0.0639624
0.261857
-0.511012
0.656176
-0.35992
-0.467561
-0.0804515
0.0464516
-0.283314
0.28759
0.155112
0.0503145
-0.301253
0.730588
-0.171252
-0.105376
0.10634
0.320403
-0.306813
-0.097078
-0.146882
-0.51301
-0.253726
-0.163167
0.13172
0.145271
0.189545
0.317007
0.367857
0.0574493
-0.726567
0.373517
0.0862722
0.121042
-0.216159
0.209461
-0.275151
-0.0389518
-0.190324
-0.179652
0.209412
0.00050973
-0.202541
0.301655
-0.117768
-0.479906
0.130568
0.249906
-0.261376
-0.227628
0.132745
0.807268
0.111299
-0.233697
-0.022073
0.0706627
-0.216772
0.104398
-0.494547
-0.423875
0.0370573
0.0295149
0.42084
-0.532133
0.24607
0.00639344
0.442437
0.00412632
-0.0957672
-0.285526
-0.357121
-0.156526
0.389573
0.24115
0.275689
-0.23429
0.200529
0.0428935
-0.458937
0.0973273
0.210268
-0.0137088
-0.445568
-0.388075
-0.113878
0.0599735
0.147274
-0.142493
-0.103313
-0.19856
-0.269635
0.394534
0.378555
-0.854441
-0.270459
0.0723076
-0.0954765
-0.234282
-0.196781
0.652495
-0.0386472
0.392737
-0.185681
-0.0601342
-0.00529385
0.194075
-0.525223
0.43979
-0.0955602
0.185127
-0.140094
-0.175202
-0.245484
0.353906
0.0500203
-0.129136
-0.204141
-0.285031
0.439992
-0.0442954
0.676204
0.108697
-0.100923
0.243837
0.0800963
-0.370514
0.0102577
-0.279839
-0.519175
-0.0895097
-0.263632
-0.446748
-0.101967
0.33416
-0.0223457
-0.0617424
-0.123628
0.0431184
-0.0866706
0.00392701
0.259626
-0.294045
-0.249329
-0.0243008
-0.262714
-0.0677149
0.144171
0.0519328
-0.394343
0.115459
0.567511
-0.167618
-0.161024
0.150858
-0.191396
0.254146
-0.0743044
0.0221606
0.155471
0.168154
0.0849441
-0.265034
-0.496696
-0.0231657
-0.481515
-0.739779
-0.0917367
0.242623
0.269459
0.383881
-0.281544
0.648512
0.532869
0.220791
0.160905
0.264136
0.664293
-0.549983
0.27684
-0.411882
-0.477965
0.15243
-0.202891
0.248218
-0.0936795
-0.498011
0.211578
0.21515
0.265303
0.144797
-0.0418028
-0.139512
0.00994726
0.142892
0.238725
-0.219206
-0.0862014
0.309943
0.0911347
0.122697
0.472669
0.0889314
0.0486058
-0.091943
0.80986
0.463762
0.0502937
0.187851
-0.15651
-0.204667
-0.229783
0.542984
-0.273207
0.220519
0.19119
0.0709847
-0.136089
0.00744404
0.227673
0.00906995
0.287854
0.709826
-0.386437
-0.151464
0.562545
-0.711144
-0.182831
-0.388304
-0.0398841
-0.446203
0.148126
-0.0899483
-0.389458
-0.220076
0.222318
0.108767
-0.168095
0.392276
-0.0538764
-0.301707
0.0474977
-0.124837
0.602126
0.5074
-0.319209
-0.502328
0.128701
-0.314326
0.11582
-0.2147
0.460277
-0.152349
0.333967
-0.0100954
-0.0350438
-0.0936193
-0.257979
-0.321696
0.233375
0.652019
-0.465429
-0.431503
-0.509908
-0.0447154
-0.312009
0.427927
-0.227125
-0.512404
0.0568807
0.00327375
-0.0430364
-0.236936
-0.0876909
-0.3829
-0.0124822
-0.232256
-0.271153
0.22689
-0.205142
-0.118546
0.0787079
-0.0329696
0.449874
-0.251744
-0.0125184
-0.224507
-0.0880614
0.396187
-0.239843
0.134584
0.227957
-0.692902
-0.0760014
-0.752562
-0.217794
0.259585
0.211897
-0.257337
-0.164583
-0.26895
0.260274
0.180147
0.246545
-0.0426839
-0.208728
0.0270814
0.266364
-0.137128
0.0901249
-0.0790257
0.46461
0.336345
0.139534
0.206729
-0.141224
-0.0628565
0.448321
-0.265965
-0.0971002
-0.651218
0.197947
-0.307849
0.0491373
0.083965
0.564504
0.0147172
-0.0580691
0.458251
-0.24599
-0.42597
-0.293606
0.0497614
0.0656373
0.459947
-0.398803
0.0267023
-0.26991
-0.365928
0.231198
-0.0944237
-0.302923
0.114346
0.0941274
0.0795573
-0.434447
0.411475
-0.455207
-0.0242501
0.186168
0.1265
-0.228809
-0.0699495
-0.505763
-0.424415
0.303888
0.24092
-0.441805
0.142912
-0.26367
0.400127
0.173226
-0.156166
0.331494
0.0835022
0.119092
-0.446802
0.479525
-0.308324
-0.17692
0.532173
-0.188828
0.0306047
0.293092
0.344857
0.213568
-0.343615
-0.201312
-0.458903
-0.434312
0.367285
0.106456
0.261191
0.302851
-0.564902
0.0732188
-0.0376886
-0.154148
0.219485
0.26553
-0.0326874
0.00331027
0.592542
0.0818535
0.208167
-0.0371228
0.039098
-0.119355
0.315916
-0.196808
-0.487844
-0.0718988
0.229379
0.00532888
0.538288
0.206951
-0.374144
0.0403854
0.397215
-0.0556211
-0.642543
0.116907
0.0220425
0.137796
0.529636
0.0179064
0.935668
-0.202037
-0.0293258
0.663646
-0.277525
-0.155492
-0.413753
-0.138579
-0.231788
0.300917
-0.208484
0.015868
-0.103277
-0.0806934
-0.382726
0.362897
-0.284646
-0.303698
0.0162594
-0.106504
0.452323
0.352031
0.299596
0.0266248
0.324854
0.0181051
-0.339748
0.0189023
-0.209408
0.419993
-0.207056
0.262264
0.282281
-0.136979
0.59024
0.0629765
-0.385242
0.0639628
0.287363
0.34978
-0.0568772
0.473479
-0.0760274
0.270556
0.365666
0.00550966
-0.227701
0.532357
0.330146
0.491675
0.132035
-0.239929
-0.0805146
-0.432354
0.047748
0.274105
0.00324468
-0.237822
0.388448
-0.12874
0.229437
0.438368
-0.326421
0.069438
0.1589
0.137375
0.0287733
-0.614062
-0.17071
0.0355168
-0.369294
0.0499625
0.253576
0.458003
-0.167843
-0.218601
0.0549774
0.0245431
0.0604005
-0.150587
-0.330664
-0.200555
-0.202703
0.0279677
-0.172703
0.195223
0.447359
-0.104061
-0.131424
0.174612
-0.0626251
0.0789752
-0.328014
-0.315198
0.0353219
-0.0250793
-0.189675
-0.0533777
0.323246
0.145646
-0.352696
-0.522273
-0.0596123
0.373955
-0.00758263
0.261857
0.178474
-0.197235
-0.322746
-0.532461
-0.0997462
-0.4712
-0.485774
0.74044
0.219124
-0.128644
0.231358
-0.139777
0.295275
-0.26317
0.0922873
0.00360737
-0.270422
0.125173
-0.0666632
0.467332
-0.349218
-0.581543
0.00241723
0.0137071
-0.227705
0.0339695
0.040905
0.0322555
0.343825
0.319923
-0.68522
-0.0668217
0.370854
0.0804136
0.536048
0.117099
-0.21257
0.135105
-0.183962
-0.114183
0.1098
-0.208037
0.386317
-0.731317
0.230266
-0.131886
-0.0158062
-0.12901
-0.849139
0.519789
-0.421697
0.0595461
-0.0206714
0.128506
0.193436
-0.460195
0.467315
-0.303708
-0.484072
-0.0090476
-0.364768
0.0219769
0.344029
0.24354
0.678321
-0.0394998
-0.140434
-0.299158
-0.411113
0.150941
0.123197
0.0440569
0.0978506
-0.12009
-0.72284
-0.0445682
0.346415
-0.167188
0.0871388
0.0973229
-0.2925
-0.226629
-0.0134777
0.268594
0.00943011
0.142246
0.202115
-0.183024
0.115554
-0.0832605
0.0641203
-0.23909
-0.20396
0.0842148
0.312103
0.063759
0.468479
0.123
-0.155962
-0.278412
0.107467
-0.361953
-0.00548327
0.0829627
-0.122584
-0.191049
0.259366
0.129092
0.186828
0.00122982
-0.0098023
0.0756763
0.0696542
-0.0475433
-0.168889
0.180998
-0.525628
-0.0482535
0.31295
-0.0749019
-0.0195272
-0.530321
0.0481912
-0.0439368
0.756579
-0.070124
-0.115534
-0.126072
0.00197123
0.0166948
0.206524
0.0145439
-0.276642
-0.212264
-0.674884
-0.162298
-0.801498
0.0981426
-0.463323
0.366585
0.0816356
-0.377581
0.288682
-0.329808
-0.499788
0.236721
-0.0665856
0.080319
-0.0907056
0.13398
0.00368214
-0.0548986
-0.137217
0.131747
-0.0947376
-0.0867825
-0.511497
-0.471262
0.0889191
-0.505514
0.252984
0.00660614
0.39399
-0.288561
-0.0304233
-0.222219
-0.241268
-0.568102
0.328997
0.118358
-0.0655554
-0.135548
-0.199488
0.0739036
-0.393288
-0.25359
-0.358563
0.339711
-0.478589
-0.341652
0.219903
0.0952812
0.434141
-0.0208802
-0.517526
-0.0430775
-0.186279
0.261528
-0.138752
-0.16018
0.481016
-0.363661
0.51574
0.272836
-0.670166
-0.0527302
0.224856
-0.407401
0.176266
-0.419561
-0.328695
0.0576605
-0.310816
0.162546
-0.0402523
0.0773081
0.580724
0.231908
-0.560472
0.480387
0.141365
-0.0657101
0.354338
-0.475343
-0.0358292
-0.0393961
0.0711833
-0.175326
-0.294478
-0.778451
-0.573025
0.553767
0.220336
-0.214792
-0.288959
-0.0272963
0.260214
-0.0954381
-0.289197
-0.0494207
-0.0102959
-0.387933
0.257258
-0.487475
0.230756
0.181352
-0.167233
-0.123115
0.332119
0.209966
-0.0478706
0.0679597
0.228356
0.118825
-0.237025
-0.252819
0.406808
-0.0801999
0.186751
-0.19258
-0.0977197
-0.938817
0.140112
-0.441158
-0.0132037
0.000971417
0.0447469
-0.235915
0.0897707
0.169108
-0.0775379
0.545405
-0.28
0.0155004
-0.236888
0.167984
0.201358
0.107558
-0.679864
-0.343246
-0.140307
-0.445174
-0.20305
0.184355
-0.0878035
0.109543
-0.0551499
0.0983522
-0.453001
-0.0962898
0.189535
0.653725
-0.198506
-0.267494
-0.141803
0.0255332
0.499597
0.403662
-0.498107
0.00688611
0.189174
-0.0383958
-0.100176
-0.0830414
-0.175845
0.30219
-0.210148
0.109451
-0.294451
0.328983
-0.0113089
0.105833
0.474848
-0.368063
0.00764892
0.198924
-0.0216737
-0.111562
-0.271849
-0.35802
-0.388735
0.201293
0.128422
0.172465
0.0774749
-0.0180543
-0.0918067
0.18756
-0.253557
-0.357909
-0.0517241
-0.302775
0.0683042
0.0783857
0.228315
0.123921
0.315595
-0.110552
-0.0863108
0.0373186
0.0702343
0.0777663
-0.0914844
0.366273
0.135384
-0.138564
0.0344742
-0.185404
0.228478
-0.213545
-0.473494
-1.13206
0.261345
0.718298
-0.273845
0.117004
0.65593
0.0850646
0.457246
0.0759303
-0.449028
-0.0461615
-0.287071
-0.31226
0.375275
0.167971
0.157816
0.00286312
-0.302919
-0.104509
0.231471
-0.133649
-0.279529
0.933969
-0.155181
-0.210167
0.168202
0.250271
-0.182457
0.106507
0.0392962
-0.0218596
0.13635
0.277204
-0.0654012
-0.629184
0.0827493
0.00257324
0.205119
-0.176679
0.221593
0.597267
0.151614
-0.272681
0.260359
-0.168199
0.362736
-0.229906
0.293021
-0.291282
0.0116875
-0.0250007
0.103727
0.604556
-0.241742
0.434617
0.178376
-0.0953548
0.244332
0.387572
-0.238437
0.153245
0.138501
-0.226951
-0.0372321
-0.128519
-0.649657
-0.280359
-0.0177815
-0.190141
-0.588378
-0.222451
0.164781
-0.198586
-0.462759
-0.566854
-0.113837
-0.250876
0.306518
0.255849
-0.17116
-0.109558
0.343192
-0.0897777
-0.289467
-0.50106
-0.180208
0.000644898
0.310231
0.0524191
0.0279965
-0.0136856
-0.488417
-0.671826
0.438333
0.301161
0.108721
0.0500537
0.304962
-0.697371
-0.368999
-0.295249
-0.29292
0.708448
0.053465
0.145347
-0.338009
-0.00172418
0.621479
-0.216342
-0.425532
-0.233082
-0.386119
-0.163254
-0.0644227
0.383734
0.0117359
-0.364332
0.185595
-0.313983
-0.45652
-0.0646883
0.44946
-0.0938427
-0.204013
0.370155
-0.736345
0.0218195
0.340062
0.545476
0.130467
-0.0950831
0.602007
-0.0839456
-0.0030796
-0.493078
-0.242941
-0.557297
0.175798
-0.0324863
-0.225583
-0.109458
-0.317342
0.455419
-0.0297313
0.125555
-0.612777
-0.0519657
0.632643
-0.155945
-0.199697
0.0715361
-0.0983148
-0.187958
-0.0742537
-0.178744
0.0102417
-0.708252
0.258611
0.108695
0.0206583
0.00956895
0.190019
0.579899
-0.00902099
-0.341335
0.427763
-0.0117397
-0.0998845
-0.000221332
0.318541
0.020186
0.238716
0.198647
-0.368483
-0.424009
0.180549
0.346165
0.234969
-0.15437
-0.16697
-0.212464
0.0132984
0.191885
-0.456307
-0.164614
0.292334
0.548073
-0.126868
0.175337
-0.0822296
0.417992
-0.375117
-0.157099
-0.00416205
-0.00835315
0.00169133
-0.0883294
0.00749102
-0.0635932
-0.0197019
-0.211101
0.238105
-0.216738
-0.0175375
0.391646
0.465771
0.511828
0.183339
-0.399598
-0.133232
-0.101971
-0.0853674
-0.198259
-0.109584
0.398315
0.180591
-0.344129
-0.140786
0.0936855
0.081967
-0.513754
0.439471
0.263308
0.0833021
-0.339549
0.0179744
0.223076
0.093427
0.281051
-0.2487
0.352636
-0.23011
0.293554
0.51536
0.165659
-0.245437
0.0983799
0.370982
-0.47158
0.202589
0.31101
-0.0786153
-0.00940451
0.260009
0.202049
-0.130387
-0.366468
0.014533
0.267315
-0.131788
0.707018
-0.437202
-0.249005
0.330502
0.712328
0.292896
-0.474205
0.0064098
0.152316
-0.293147
-0.0430271
-0.155588
0.684919
-0.431785
-0.644483
0.172516
0.170697
0.280586
0.0798151
-0.100445
0.584842
-0.283869
-0.420328
0.070621
-0.27447
-0.361534
-0.783954
-0.0403597
-0.147714
-0.36004
0.0571697
0.0260759
0.649658
0.241803
0.0724561
0.394683
0.0216368
0.198591
0.0901821
0.0407357
0.665783
0.070072
0.0167587
-0.0756303
-0.3792
0.263089
0.434274
0.197481
0.00625672
-0.0120108
-0.480617
-0.110622
0.15945
0.0559563
-0.572855
0.0904471
0.0885734
0.0995178
-0.300019
0.364028
-0.0935854
0.291236
-0.522907
0.0844715
0.195438
0.0351992
-0.0240592
-0.00813519
0.187848
0.614102
-0.519469
0.0557078
-0.0646988
0.145249
-0.68735
-0.0237607
-0.3329
0.0434679
0.361136
-0.263984
0.255448
-0.0100929
0.10051
0.271458
-0.0855119
-0.234694
-0.017272
-0.093788
0.230502
0.190079
0.47423
-0.510597
0.134719
-0.189355
0.203659
0.13681
-0.334334
0.422108
0.390594
-0.20173
-0.237609
0.244383
-0.175222
-0.0310217
0.251507
-0.391348
0.0242792
0.427965
0.229809
0.00605238
0.451275
-0.333463
-0.0627308
-0.199461
0.382423
0.413622
-0.25685
-0.327262
-0.091674
0.0695597
-0.113143
-0.738779
-0.255085
0.273764
0.402974
0.0222758
0.360023
0.0657823
-0.0331691
-0.230464
0.00194693
-0.274432
-0.240365
-0.0995471
0.147838
-0.116418
0.0360669
-0.399042
0.139046
0.022223
-0.116184
-0.30377
-0.0191705
0.209124
-0.146401
-0.0706874
-0.376585
0.0639493
0.114768
0.131985
0.0902428
0.0633982
0.200325
0.491555
-0.244416
-0.380934
-0.323238
-0.149833
0.559394
0.181545
-0.332614
-0.179951
0.148944
0.00208218
-0.105733
-0.415296
0.299361
0.327903
-0.0174761
-0.444732
0.075881
-0.153187
0.614817
0.232557
-0.224019
-0.0534336
0.043586
0.180118
0.260666
-0.89974
-0.529286
-0.0440601
-0.21373
-0.215176
-0.442715
-0.398405
0.418012
0.147542
-0.0310182
-0.522965
0.353732
0.289912
-0.0140136
0.134724
0.0374484
-0.133291
0.163507
-0.248005
-0.00536223
0.12459
0.194521
-0.18851
-0.149483
-0.640226
-0.331978
0.806145
0.0652777
-0.0493229
-0.390279
0.15923
0.187274
-0.160963
-0.303827
-0.144973
-0.204831
-0.025978
-0.472149
-0.82983
0.150978
0.495725
-0.218845
-0.508881
0.32756
-0.201094
-0.044744
-0.0268495
-0.551725
0.40634
-0.225856
-0.175868
-0.434569
-0.271034
0.44251
0.154748
0.283345
0.319178
-0.387057
-0.201859
0.440295
-0.252433
0.0997169
-0.208989
-0.108859
0.0621779
-0.535006
-0.490525
0.177549
0.200069
-0.224798
0.285595
-0.459992
0.007258
0.45526
0.198848
-0.439863
-0.238105
-0.429041
-0.143487
0.114811
0.160268
-0.376144
-0.292822
-0.514794
0.0318049
0.0379428
0.236502
0.661506
-0.0533935
0.262144
0.11571
0.55141
0.10464
0.0992347
0.247408
-0.253826
-0.803048
-0.0674725
-0.222921
-0.585583
-0.470211
0.709441
-0.587649
0.346127
0.0486684
-0.0302679
0.333236
0.306338
0.115064
-0.340546
0.429299
-0.367251
-0.102643
-0.122637
0.117515
-0.496762
-0.375985
-0.539023
0.152282
0.465827
0.510281
0.535476
-0.463576
-0.106989
-0.289866
-0.136614
-0.297321
-0.968214
0.274355
-0.385643
0.355217
-0.173637
-0.708875
-0.023212
0.211782
-0.1674
0.444702
0.699583
-0.343258
0.571296
0.0837173
0.09425
0.285161
-0.0758192
-0.329911
0.0218219
0.25656
-0.221195
0.303929
0.157506
-0.670648
0.394167
0.0780477
0.190353
0.108274
0.465869
-0.328553
0.437649
-0.185587
0.260926
0.111243
-0.232347
0.192793
0.01696
-0.0465631
-0.141176
0.0657076
-0.246311
-0.165718
-0.386406
0.0307764
-0.467255
-0.302423
-0.0478474
-0.0287735
0.619221
-0.322352
0.0773988
0.572431
-0.0653003
0.0632468
-0.351082
-0.359249
0.169993
0.0784603
0.313374
-0.253013
-0.142862
-0.0353775
0.171515
0.625966
-0.0621139
-0.0493243
-0.346468
-0.214873
-0.255262
0.0855125
-0.533022
-0.0742568
-0.104343
0.0407662
-0.389907
-0.356133
-0.0839435
-0.177915
-0.350256
-0.644226
0.0541903
-0.165356
-0.264438
-0.452486
-0.479461
-0.143671
-0.445321
0.37526
-0.246003
0.00555918
-0.266699
0.588113
-0.509087
0.573348
0.353525
0.355614
-0.420964
0.231283
-0.372825
0.600679
-0.0777427
-0.112859
0.352484
-0.158771
0.0123767
-0.168942
-0.431421
0.00539735
0.175153
0.102905
0.0285006
0.429847
0.513007
0.577341
0.150906
0.0631155
-0.0379783
-0.389338
-0.026454
-0.173214
0.204791
0.0235778
-0.319065
-0.069213
-0.217274
-0.429321
0.0745139
-0.303756
0.340468
0.0139083
-0.431373
-0.350063
0.106418
-0.512844
0.00738587
-0.135863
-0.618929
-0.146136
-0.115086
-0.488572
0.278972
0.587126
0.798312
-0.433105
-0.109184
0.300358
-0.29672
-0.120254
-0.301996
-0.462959
0.0370864
-0.214517
0.611307
-0.141677
0.274081
-0.301613
-0.232352
0.0143329
0.0306596
-0.422938
0.0501237
0.112142
-0.23329
0.0508656
-0.185715
0.564235
-0.125254
0.00159536
-0.202086
0.183407
0.0355015
-0.0971627
0.0172377
0.0172549
-0.0101777
-0.0314295
-0.586323
-0.398577
-0.0943715
0.0980393
-0.00876085
-0.0660418
0.0461966
0.0555421
-0.129265
-0.204127
0.318199
-0.357229
-0.145949
-0.404441
-0.534706
0.151509
-0.119572
0.0256613
-0.141781
0.280228
-0.257503
0.0662852
-0.301272
-0.399062
0.0984913
-0.462299
0.161954
0.196697
-0.15048
-0.513203
-0.761512
-0.00831775
-0.134602
0.183218
0.378985
-0.832928
0.125102
0.47556
0.0727325
-0.0995322
0.365442
0.396183
-0.424799
0.0988469
0.0459628
-0.535902
-0.251954
0.0749298
-0.257323
0.0948201
0.262314
-0.516906
0.241178
0.142412
0.510429
0.722978
-0.245537
-0.0618385
0.0924479
0.444208
-0.410032
0.0986405
0.391781
-0.236139
0.443128
-0.0713829
-0.85503
0.396058
-0.286459
0.254486
-0.163064
-0.235302
-0.368912
-0.125171
0.110148
-0.573627
-0.199117
0.446416
0.40294
0.241717
-0.0255158
-0.224087
0.47064
0.318583
0.0818134
0.0572079
-0.180432
-0.0917487
-0.435546
-0.0660799
0.0656676
0.449446
-0.590969
0.32354
-0.0502643
0.192948
0.354724
0.275767
0.607577
-0.205282
-0.365339
0.0971331
0.0707006
-0.0964011
0.42984
-0.294102
-0.417718
0.165642
0.232507
-0.430549
0.189194
0.131601
0.25951
-0.386113
-0.321336
-0.0675805
0.311265
-0.00600875
-0.377476
-0.562138
0.299084
0.344911
0.24839
-0.00800737
0.38276
-0.17952
-0.159892
-0.3364
-0.449913
-0.569072
0.0925457
-0.386783
-0.201749
0.063102
-0.186193
0.00704562
-0.405558
0.01922
-0.501487
0.0270057
0.372971
0.478407
0.0689736
0.274992
0.223284
0.405971
-0.210679
-0.596045
0.540414
-0.369497
-0.0855131
-0.00352829
-0.0149584
0.0607399
-0.0352453
0.0890232
0.275963
0.00641979
-0.284375
0.36028
-0.266913
-0.0166108
0.087821
0.539088
0.113396
0.103286
-0.311784
-0.530049
-0.254204
-0.476282
-0.278885
0.0423869
-0.239741
0.435617
-0.0597253
0.201025
0.142663
0.14936
-0.293841
0.0192127
-0.383467
0.0979492
0.412167
0.33829
-0.132161
-0.00286722
-0.232725
0.0276897
0.26614
-0.106855
0.280131
0.48931
0.262766
-0.183785
0.197137
-0.0543769
0.367327
-0.131602
-0.607247
-0.164908
-0.482113
-0.0340264
-0.0929632
0.118552
0.414103
0.309964
-0.351437
0.131022
-0.169528
0.148173
-0.0316419
0.146129
-0.37682
-0.806731
0.194752
0.0717014
0.202437
0.153429
-0.167935
-0.162035
-0.139344
0.0570234
-0.193935
-0.0985945
0.438276
0.279709
0.361116
-0.53378
-0.269296
0.520733
0.0760007
-0.306648
0.47192
0.183086
-0.304631
0.300222
0.119963
0.064906
0.108642
0.0478786
0.544379
-0.30153
-0.317413
0.0714382
0.689284
-0.0792786
-0.864196
0.353887
-0.832977
0.106025
-0.48488
0.101201
-0.304404
0.218554
-0.38678
-0.195269
0.0483808
-0.107672
-0.244528
-0.269224
0.0946636
0.0752166
-0.176423
-0.0518123
0.107322
-0.00910185
-0.689716
0.259416
0.280586
0.0318345
-0.375694
0.499975
-0.275263
-0.157974
-0.252255
0.018075
-0.355361
-0.384404
-0.0277846
0.143704
-0.0152326
0.280383
0.0257352
-0.0221203
-0.0705104
0.390622
0.291713
-0.488315
-0.387311
-0.166783
-0.299043
-0.0653616
-0.133835
-0.607583
-0.12706
0.184929
-0.491391
-0.265619
0.420998
-0.180237
0.173986
0.0978372
-0.558488
0.149313
-0.204961
-0.236722
0.435822
0.425826
0.228024
-0.230606
0.35282
-0.142763
0.315166
0.418358
0.0183255
-0.137589
0.0197588
0.595956
0.615147
-0.0721313
0.0126975
-0.409607
-0.50843
-0.181483
0.0787046
0.175167
0.0159894
-0.309525
-0.831519
-0.054896
0.23457
0.180016
-0.516027
0.392528
0.181532
-0.0887898
0.126452
0.421555
-0.110447
0.0307862
0.171047
0.0316664
-0.0749252
0.0159453
0.374045
-0.154999
-0.48996
0.0492589
-0.482362
-0.147171
-0.360535
0.152535
-0.271629
-0.00438718
0.534798
0.40062
0.157214
-0.15343
0.272189
0.166273
-0.391889
0.308505
0.316396
0.318291
0.313237
-0.183486
0.08389
-0.458804
-0.50609
0.157236
0.38308
0.0273804
0.114192
0.0783787
0.418997
0.466326
0.465561
-0.371986
0.167959
0.0521763
0.514182
0.381193
-0.102045
0.131343
-0.00118728
-0.125693
-0.508334
-0.588297
0.031674
-0.302428
-0.367204
-0.454704
-0.0155311
-0.444609
0.593852
-0.0378016
-0.0223108
-0.0275732
-0.149152
0.131275
0.298507
0.119533
0.494026
-0.117803
0.541989
-0.66786
0.102343
-0.14553
0.168513
-0.00686874
0.0920124
-0.0940334
-0.270626
0.0437849
-0.236733
0.0210283
0.122955
0.447147
0.14015
-0.259849
0.207755
-0.0794111
-0.221621
0.0130003
0.404026
0.0481343
-0.638937
-0.343399
-0.0843561
-0.166509
0.059765
-0.528273
0.695823
-0.417532
0.0182221
0.176502
0.024657
0.572439
-0.338593
-0.0957711
0.0126869
0.145091
0.218788
-0.263063
-0.345493
-0.47871
-0.193298
-0.0365081
-0.0997114
0.454155
-0.110521
-0.507863
0.359052
0.216061
0.0975076
-0.452308
-0.0302843
0.306192
0.136503
-0.451275
-0.17114
0.145108
-0.307632
0.156094
0.0384337
-0.0436657
-0.304436
0.312481
0.381891
-0.229744
0.0211139
0.501905
-0.148395
0.193396
0.351789
0.581359
-0.069505
0.0838962
-0.645718
-0.421589
0.226498
-0.581991
0.134471
0.0180754
-0.0182683
0.381149
-0.256164
0.515547
-0.229583
-0.0656408
-0.329908
-0.144307
0.491979
-0.0129221
-0.131897
-0.160059
0.0708173
-0.293295
0.0352434
0.307651
0.000630939
-0.454976
0.213477
-0.444308
0.303135
-0.125888
0.289366
0.48329
0.309043
-0.614442
-0.0991157
0.0678987
-0.012343
0.134515
-0.0304005
-0.10427
-0.0419777
0.347716
-0.296886
0.26612
-0.196035
0.0302337
0.257621
-0.660871
0.136667
0.548818
0.0252874
0.0173695
-0.0901161
-0.0323416
0.144862
0.122845
0.182229
-0.614441
-0.408971
-0.309364
-0.350119
-0.608178
-0.192283
0.324843
-0.0111396
-0.332901
-0.225374
-0.543913
0.129765
